0.000603
0.000620
0.000636
0.000654
0.000672
0.000691
0.000710
0.000731
0.000752
0.000774
0.000797
0.000821
0.000846
0.000871
0.000898
0.000927
0.000956
0.000987
0.001019
0.001053
0.001088
0.001125
0.001163
0.001204
0.001246
0.001291
0.001338
0.001387
0.001439
0.001494
0.001551
0.001612
0.001676
0.001744
0.001816
0.001892
0.001973
0.002059
0.002150
0.002247
0.002351
0.002461
0.002579
0.002705
0.002840
0.002985
0.003141
0.003309
0.003490
0.003686
0.003899
0.004130
0.004381
0.004655
0.004954
0.005283
0.005645
0.006045
0.006488
0.006980
0.007530
0.008146
0.008840
0.009627
0.010522
0.011549
0.012732
0.014108
0.015720
0.017627
0.019907
0.022663
0.026040
0.030244
0.035570
0.042461
0.051601
0.064096
0.081821
0.108162
0.149732
0.220805
0.356516
0.659336
1.481260
3.432517
2.707769
1.151980
0.601447
0.387222
0.287416
0.234633
0.204322
0.186034
0.174763
0.167883
0.163917
0.161984
0.161540
0.162234
0.163835
0.166189
0.169192
0.172777
0.176898
0.181531
0.186664
0.192296
0.198438
0.205106
0.212326
0.220130
0.228560
0.237665
0.247500
0.258134
0.269644
0.282122
0.295671
0.310415
0.326494
0.344077
0.363357
0.384566
0.407976
0.433913
0.462768
0.495016
0.531234
0.572134
0.618599
0.671741
0.732972
0.804113
0.887543
0.986427
1.105050
1.249341
1.427704
1.652379
1.941785
2.324668
2.847841
3.591193
4.697367
6.424378
9.144017
11.846350
-6.380320
-37.720782
-15.297931
-6.097003
-2.962454
-1.666997
-1.038288
-0.695326
-0.491396
-0.361931
-0.275425
-0.215205
-0.171854
-0.139764
-0.115443
-0.096635
-0.081835
-0.070009
-0.060433
-0.052585
-0.046086
-0.040651
-0.036067
-0.032170
-0.028834
-0.025960
-0.023467
-0.021295
-0.019391
-0.017715
-0.016233
-0.014917
-0.013744
-0.012695
-0.011753
-0.010905
-0.010139
-0.009446
-0.008816
-0.008242
-0.007719
-0.007240
-0.006802
-0.006399
-0.006028
-0.005686
-0.005370
-0.005077
-0.004806
-0.004555
-0.004321
-0.004103
-0.003901
-0.003711
-0.003534
-0.003368
-0.003213
-0.003067
-0.002931
-0.002802
-0.002681
-0.002567
-0.002460
-0.002358
-0.002263
-0.002172
-0.002086
-0.002005
-0.001928
-0.001855
-0.001786
-0.001720
-0.001658
-0.001598
-0.001542
-0.001488
-0.001436
-0.001387
-0.001341
-0.001296
-0.001253
-0.001213
-0.001174
-0.001136
-0.001101
-0.001066
-0.001034
-0.001002
-0.000972
-0.000943
-0.000915
-0.000889
-0.000863
-0.000838
-0.000815
-0.000792
-0.000770
-0.000749
-0.000728
-0.000709
-0.000690
-0.000672
-0.000654
-0.000637
-0.000621
-0.000605
-0.000590
-0.000575