0.001659
0.001687
0.001717
0.001747
0.001778
0.001810
0.001843
0.001877
0.001911
0.001947
0.001984
0.002022
0.002061
0.002101
0.002142
0.002185
0.002229
0.002275
0.002322
0.002370
0.002420
0.002472
0.002526
0.002581
0.002639
0.002698
0.002760
0.002824
0.002890
0.002958
0.003030
0.003104
0.003181
0.003261
0.003344
0.003431
0.003522
0.003616
0.003715
0.003818
0.003926
0.004038
0.004156
0.004280
0.004410
0.004546
0.004690
0.004841
0.005000
0.005168
0.005346
0.005534
0.005733
0.005944
0.006169
0.006409
0.006665
0.006939
0.007232
0.007547
0.007887
0.008253
0.008651
0.009083
0.009554
0.010070
0.010638
0.011266
0.011963
0.012742
0.013619
0.014614
0.015751
0.017064
0.018599
0.020417
0.022606
0.025296
0.028681
0.033078
0.039022
0.047510
0.060600
0.083221
0.129586
0.240794
0.402846
0.488510
0.527696
0.550283
0.565879
0.578021
0.588262
0.597385
0.605826
0.613847
0.621616
0.629248
0.636826
0.644410
0.652049
0.659780
0.667636
0.675647
0.683839
0.692235
0.700860
0.709737
0.718890
0.728342
0.738120
0.748250
0.758759
0.769679
0.781042
0.792884
0.805245
0.818167
0.831697
0.845890
0.860804
0.876506
0.893070
0.910580
0.929135
0.948843
0.969832
0.992250
1.016268
1.042088
1.069948
1.100136
1.132993
1.168940
1.208493
1.252297
1.301170
1.356164
1.418665
1.490530
1.574325
1.673689
1.793985
1.943450
2.135346
2.392025
2.751127
3.252121
3.584180
2.245128
1.018885
0.553288
0.351081
0.245877
0.183751
0.143689
0.116156
0.096306
0.081453
0.070004
0.060964
0.053680
0.047712
0.042750
0.038573
0.035018
0.031964
0.029317
0.027006
0.024974
0.023177
0.021578
0.020148
0.018864
0.017706
0.016657
0.015703
0.014834
0.014038
0.013308
0.012636
0.012016
0.011443
0.010912
0.010419
0.009960
0.009532
0.009132
0.008757
0.008407
0.008078
0.007768
0.007477
0.007202
0.006943
0.006698
0.006466
0.006247
0.006039
0.005841
0.005654
0.005475
0.005305
0.005144
0.004989
0.004842
0.004702
0.004567
0.004439
0.004316
0.004198
0.004085
0.003976
0.003872
0.003773
0.003677
0.003584
0.003496
0.003410
0.003328
0.003249
0.003173
0.003099
0.003028
0.002960
0.002893
0.002829
0.002768
0.002708
0.002650
0.002594
0.002540
0.002488
0.002437
0.002387
0.002340
0.002293
0.002249
0.002205
0.002163
0.002122
0.002082
0.002043
0.002005
0.001969
0.001933
0.001899
0.001865
0.001832
0.001800
0.001769
0.001739
0.001709
0.001681
0.001653
0.001625