0 14.63 -59.89 6.77 



1 12.91 -52.48 6.66 



2 14.94 -62.61 6.65 



3 14.21 -59.36 6.49 



4 15.56 -65.80 6.59 



5 14.56 -60.43 8.03 



6 15.22 -64.32 6.50 



7 15.80 -66.91 7.33 



8 14.46 -59.81 6.37 



9 13.12 -53.28 7.25 



10 14.19 -58.89 7.70 



11 13.70 -56.42 6.44 



12 14.27 -59.53 6.26 



13 13.58 -55.96 7.09 



14 13.92 -56.93 8.39 



15 14.19 -58.84 7.16 



16 14.29 -59.40 6.39 



17 11.87 -47.14 6.86 



18 12.14 -48.27 6.97 



19 13.67 -56.32 6.79 



20 12.98 -52.63 8.08 



21 14.92 -63.38 6.86 



22 14.29 -58.81 6.89 



23 13.90 -57.87 6.21 



24 14.31 -59.30 7.40 



25 15.12 -63.92 6.60 



26 13.27 -54.48 6.59 



27 14.17 -59.13 5.91 



28 12.76 -52.10 6.31 



29 13.23 -53.49 8.28 



30 14.94 -62.97 6.13 



31 13.57 -55.73 7.58 



32 13.91 -57.38 7.09 



33 11.41 -44.74 6.42 



34 13.83 -56.60 8.28 



35 13.62 -55.49 7.51 



36 14.13 -58.86 6.38 



37 13.95 -57.81 6.76 



38 14.22 -58.92 7.92 



39 16.01 -68.43 6.53 



40 12.88 -52.54 5.51 



41 13.59 -55.90 6.87 



42 14.67 -61.40 6.86 



43 15.30 -64.73 6.18 



44 13.68 -56.28 7.55 



45 16.15 -68.83 6.55 



46 12.62 -50.70 7.94 



47 12.49 -50.14 7.26 



48 14.63 -60.88 6.29 



49 13.89 -56.39 7.44 



50 14.64 -60.98 7.90 



51 13.12 -53.75 5.93 



52 13.19 -54.11 6.24 



53 11.37 -44.26 7.07 



54 12.58 -51.19 6.85 



55 14.12 -58.88 6.00 



56 14.58 -61.21 5.88 



57 12.82 -51.63 7.70 



58 14.46 -59.51 7.12 



59 11.39 -44.81 6.79 



60 13.60 -55.85 7.40 



61 13.67 -56.17 7.19 



62 14.45 -59.96 7.77 



63 12.27 -49.11 7.12 



64 13.58 -55.96 6.22 



65 13.03 -53.44 6.82 



66 13.37 -56.17 5.70 



67 13.02 -53.42 6.33 



68 14.21 -59.09 6.85 



69 14.14 -58.96 6.21 



70 11.30 -44.02 7.60 



71 14.91 -62.77 7.15 



72 14.89 -61.39 6.12 



73 15.08 -63.60 6.82 



74 12.24 -49.23 6.60 



75 13.10 -53.73 5.63 



76 13.50 -55.76 5.79 



77 12.80 -51.78 7.55 



78 15.84 -67.40 5.76 



79 14.36 -60.71 8.62 



80 14.81 -62.36 6.98 



81 13.13 -53.46 6.92 



82 14.63 -61.33 6.29 



83 13.85 -57.24 7.51 



84 15.22 -64.23 7.41 



85 13.68 -56.02 8.00 



86 15.66 -66.52 7.05 



87 13.58 -55.54 8.09 



88 15.07 -63.31 6.46 



89 13.60 -56.20 6.16 



90 15.05 -63.37 6.87 



91 12.54 -50.51 6.75 



92 13.18 -53.84 7.14 



93 10.94 -42.02 7.43 



94 13.58 -55.53 7.40 



95 13.00 -52.85 7.16 



96 12.55 -49.99 8.96 



97 13.00 -52.67 7.71 



98 14.83 -62.01 6.63 



99 13.00 -52.38 8.03 



100 15.52 -65.74 6.68 



101 13.16 -53.61 6.72 



102 15.84 -67.43 6.11 



103 14.93 -62.60 7.04 



104 14.60 -61.32 6.25 



105 14.85 -62.19 6.13 



106 13.00 -53.08 5.69 



107 13.22 -53.87 7.00 



108 15.64 -66.33 6.91 



109 13.55 -55.88 6.34 



110 14.55 -60.82 6.52 



111 12.90 -52.20 6.70 



112 12.73 -51.59 5.73 



113 13.60 -55.53 7.95 



114 14.31 -59.73 6.03 



115 14.99 -63.17 6.46 



116 14.76 -61.63 7.12 



117 13.84 -57.14 5.90 



118 13.33 -54.38 6.97 



119 11.97 -48.59 7.45 



120 14.16 -58.87 6.30 



121 13.10 -53.82 5.23 



122 13.44 -55.04 6.76 



123 13.91 -57.55 6.53 



124 12.48 -50.34 7.45 



125 12.52 -50.70 6.14 



126 12.39 -49.65 6.12 



127 14.38 -59.91 6.85 



128 13.81 -56.95 6.74 



129 13.28 -54.46 6.45 



130 13.86 -57.41 6.60 



131 12.84 -51.75 7.76 



132 13.21 -53.88 6.76 



133 13.18 -54.02 6.86 



134 15.07 -62.68 6.31 



135 13.96 -57.73 6.56 



136 14.92 -62.64 6.23 



137 14.22 -59.01 6.89 



138 13.60 -56.21 5.58 



139 13.07 -53.29 6.79 



140 13.02 -52.61 8.13 



141 14.08 -58.19 7.59 



142 14.07 -58.11 6.51 



143 14.06 -58.10 7.30 



144 13.40 -54.82 6.79 



145 13.12 -53.77 6.98 



146 13.44 -55.17 6.65 



147 12.88 -52.45 7.21 



148 13.86 -57.22 6.88 



149 11.43 -45.20 7.07 



150 15.34 -65.85 6.17 



151 15.55 -65.85 7.11 



152 12.00 -47.49 7.03 



153 14.25 -59.80 5.21 



154 12.79 -51.73 6.33 



155 13.03 -52.19 6.63 



156 12.09 -48.06 7.92 



157 11.26 -43.80 7.21 



158 13.14 -53.80 6.15 



159 13.47 -55.33 6.35 



160 15.26 -64.49 7.01 



161 13.92 -57.51 6.74 



162 14.62 -61.45 6.05 



163 13.58 -55.37 7.57 



164 13.80 -56.81 5.87 



165 14.66 -61.38 6.33 



166 13.13 -53.75 6.01 



167 12.50 -50.28 6.67 



168 13.14 -53.64 6.52 



169 14.83 -62.46 6.99 



170 14.40 -60.00 6.88 



171 13.14 -53.35 7.61 



172 14.05 -58.40 7.11 



173 13.89 -57.37 6.88 



174 15.11 -63.94 7.15 



175 15.55 -65.45 6.32 



176 11.85 -46.73 7.29 



177 15.86 -67.85 6.23 



178 12.56 -50.75 5.92 



179 14.67 -61.51 5.61 



180 16.44 -70.24 7.38 



181 14.50 -60.80 6.39 



182 15.09 -63.71 6.32 



183 14.19 -58.78 7.05 



184 14.66 -61.57 7.86 



185 14.28 -59.52 6.10 



186 14.28 -59.37 7.36 



187 13.03 -51.58 6.38 



188 11.42 -44.41 6.78 



189 14.25 -59.04 7.79 



190 12.62 -50.83 7.34 



191 14.83 -62.33 6.54 



192 14.44 -60.61 5.88 



193 13.29 -54.00 6.20 



194 14.16 -58.67 7.71 



195 15.20 -63.15 6.88 



196 14.01 -58.40 5.94 



197 13.75 -56.94 6.55 



198 13.98 -58.18 5.96 



199 13.00 -52.43 7.33 



200 13.08 -53.31 6.93 



201 12.78 -51.23 7.34 



202 14.43 -60.32 6.31 



203 15.72 -66.82 6.61 



204 13.12 -53.27 7.06 



205 13.88 -57.47 6.75 



206 12.52 -49.66 7.21 



207 15.04 -63.79 7.56 



208 13.01 -53.18 6.35 



209 12.66 -51.02 7.38 



210 12.82 -52.19 6.00 



211 14.38 -59.80 7.15 



212 13.35 -54.86 5.11 



213 13.63 -56.26 6.31 



214 14.59 -60.61 7.98 



215 13.40 -54.40 8.15 



216 11.79 -46.58 6.73 



217 14.06 -57.74 8.46 



218 13.98 -57.66 6.83 



219 14.12 -58.40 7.50 



220 14.66 -61.47 7.39 



221 12.89 -51.92 7.67 



222 17.27 -74.94 6.21 



223 13.23 -54.42 5.84 



224 15.48 -66.61 7.05 



225 12.53 -50.62 6.78 



226 14.47 -60.47 6.57 



227 14.95 -62.72 6.87 



228 12.57 -50.67 7.07 



229 15.33 -64.72 7.61 



230 13.81 -56.51 6.40 



231 13.93 -58.24 6.52 



232 12.83 -52.05 6.51 



233 14.04 -58.41 6.47 



234 13.79 -57.03 6.43 



235 14.06 -58.43 6.63 



236 13.44 -55.11 6.83 



237 12.53 -51.80 6.46 



238 13.71 -56.52 6.46 



239 11.03 -42.70 6.95 



240 13.24 -54.61 6.79 



241 16.23 -69.24 6.98 



242 14.78 -61.69 6.60 



243 13.89 -57.65 6.50 



244 14.13 -58.58 6.69 



245 12.54 -50.32 7.74 



246 10.54 -40.16 6.96 



247 14.97 -62.94 7.43 



248 12.88 -52.26 6.39 



249 13.61 -55.96 7.08 



250 14.04 -58.19 7.49 



251 13.04 -53.44 6.14 



252 14.33 -59.80 7.19 



253 12.90 -52.30 6.57 



254 12.84 -52.32 6.01 



255 13.33 -54.56 7.45 



256 13.36 -54.73 7.80 



257 13.58 -55.39 7.82 



258 13.32 -55.02 5.88 



259 11.09 -42.49 7.53 



260 14.04 -58.34 6.69 



261 13.66 -56.11 7.51 



262 13.20 -54.12 7.38 



263 12.55 -49.52 5.98 



264 12.97 -52.78 6.31 



265 13.93 -57.57 6.56 



266 14.53 -61.46 5.15 



267 13.61 -56.02 7.17 



268 12.31 -49.36 6.77 



269 14.80 -61.44 7.38 



270 13.28 -54.35 6.14 



271 13.38 -53.64 7.15 



272 14.25 -58.54 6.72 



273 13.48 -55.67 5.82 



274 13.38 -54.98 6.11 



275 13.86 -57.14 7.04 



276 14.79 -62.53 6.73 



277 14.48 -60.35 6.42 



278 14.09 -58.40 7.42 



279 13.87 -57.33 6.60 



280 14.78 -62.04 6.79 



281 13.85 -57.21 7.05 



282 12.81 -51.58 6.64 



283 15.17 -64.25 6.53 



284 14.40 -60.72 6.53 



285 13.66 -56.36 6.31 



286 15.20 -64.42 5.29 



287 14.48 -59.58 5.42 



288 12.14 -48.18 8.34 



289 14.77 -61.67 7.95 



290 12.98 -52.74 6.37 



291 14.88 -62.60 6.86 



292 14.43 -60.34 6.40 



293 11.95 -47.76 6.16 



294 13.42 -55.13 7.31 



295 11.93 -47.61 6.88 



296 14.71 -61.53 6.99 



297 16.07 -68.54 6.90 



298 14.80 -62.26 6.55 



299 14.77 -62.03 5.82 



300 13.81 -57.08 7.27 



301 14.32 -59.42 7.14 



302 13.01 -52.87 7.18 



303 14.81 -62.35 7.34 



304 14.70 -61.77 5.81 



305 13.49 -55.48 6.52 



306 13.50 -55.02 8.36 



307 14.49 -60.46 7.23 



308 14.52 -60.94 6.36 



309 14.27 -59.40 6.64 



310 14.50 -60.53 6.83 



311 15.09 -63.71 6.96 



312 13.82 -57.33 6.01 



313 16.75 -71.87 7.50 



314 11.71 -45.44 7.86 



315 12.84 -51.88 7.52 



316 14.33 -59.44 7.56 



317 13.47 -55.22 6.95 



318 14.08 -58.11 8.25 



319 12.18 -48.48 7.04 



320 15.29 -65.01 5.98 



321 14.75 -61.65 6.89 



322 15.82 -67.20 7.40 



323 15.87 -68.34 5.28 



324 13.15 -53.87 6.75 



325 10.77 -41.86 6.84 



326 14.78 -61.85 6.14 



327 13.41 -55.22 5.80 



328 13.07 -53.59 5.59 



329 14.98 -63.28 6.81 



330 15.56 -66.43 6.54 



331 14.80 -62.40 4.78 



332 13.82 -56.88 7.56 



333 12.71 -50.90 7.93 



334 13.80 -56.81 7.56 



335 11.51 -45.67 6.75 



336 13.33 -54.83 6.53 



337 13.96 -57.94 6.65 



338 13.65 -55.82 8.03 



339 13.55 -55.58 6.79 



340 13.56 -56.42 7.15 



341 14.76 -62.08 7.01 



342 14.20 -58.83 6.94 



343 14.70 -62.11 5.19 



344 14.32 -59.70 6.03 



345 14.28 -59.69 5.92 



346 15.60 -66.06 6.58 



347 13.59 -55.78 7.39 



348 15.68 -66.50 7.18 



349 16.72 -71.95 6.54 



350 14.11 -58.69 6.45 



351 11.95 -47.02 7.79 



352 14.00 -57.83 7.22 



353 15.27 -64.76 6.22 



354 14.16 -58.55 7.67 



355 14.78 -61.72 7.08 



356 15.17 -64.34 5.32 



357 12.11 -48.12 7.59 



358 12.74 -51.22 7.43 



359 13.56 -55.50 6.93 



360 14.54 -59.97 7.07 



361 14.23 -59.22 7.09 



362 13.86 -57.93 6.45 



363 12.80 -51.75 7.27 



364 13.10 -53.33 7.33 



365 13.36 -54.77 6.36 



366 13.16 -53.73 6.50 



367 12.20 -48.69 7.07 



368 12.10 -48.26 7.49 



369 13.60 -56.10 5.89 



370 11.77 -46.64 7.03 



371 15.33 -64.71 7.67 



372 14.39 -60.42 5.60 



373 14.42 -60.55 5.98 



374 14.60 -60.67 7.99 



375 12.95 -51.96 7.07 



376 13.84 -57.36 6.39 



377 15.27 -64.40 6.80 



378 13.95 -57.50 7.45 



379 13.46 -55.22 7.40 



380 12.75 -51.42 6.79 



381 14.01 -57.91 7.42 



382 15.12 -63.88 6.92 



383 12.99 -52.63 6.99 



384 12.34 -49.55 7.41 



385 13.25 -54.38 6.24 



386 14.81 -62.17 6.40 



387 13.30 -54.05 7.74 



388 16.44 -70.78 5.48 



389 13.34 -54.48 6.74 



390 13.41 -55.45 5.81 



391 14.36 -59.61 6.46 



392 13.65 -56.38 6.38 



393 14.24 -59.35 6.67 



394 14.63 -61.41 6.89 



395 13.04 -52.78 7.09 



396 15.20 -64.04 7.04 



397 12.83 -52.58 6.87 



398 13.25 -54.50 5.49 



399 13.51 -55.61 6.79 



400 13.37 -54.74 7.02 



401 14.18 -58.94 6.93 



402 14.80 -62.27 6.83 



403 14.99 -63.12 6.50 



404 13.51 -55.68 7.00 



405 12.97 -52.63 7.53 



406 15.03 -62.96 6.68 



407 15.16 -63.87 7.22 



408 14.49 -60.84 6.22 



409 14.99 -63.15 6.46 



410 13.36 -54.59 6.98 



411 14.43 -60.47 5.49 



412 13.33 -54.57 7.53 



413 11.36 -44.30 6.70 



414 14.33 -59.66 6.05 



415 14.12 -58.61 6.80 



416 11.98 -47.85 6.45 



417 11.87 -46.80 7.86 



418 13.27 -53.77 7.76 



419 14.69 -61.60 6.99 



420 13.78 -56.69 7.40 



421 13.18 -53.98 6.08 



422 13.43 -55.18 7.04 



423 13.84 -57.05 7.58 



424 15.52 -65.66 7.21 



425 12.71 -51.14 6.75 



426 14.12 -58.53 7.40 



427 13.71 -57.00 5.51 



428 13.24 -53.85 8.01 



429 12.03 -47.20 7.61 



430 13.60 -56.24 7.11 



431 14.24 -59.11 7.18 



432 15.05 -63.20 7.58 



433 15.87 -67.74 6.57 



434 14.64 -61.49 6.85 



435 16.55 -70.67 6.49 



436 13.66 -56.02 7.50 



437 13.47 -55.15 7.04 



438 15.61 -66.38 6.67 



439 15.86 -67.61 6.47 



440 14.70 -61.65 5.68 



441 14.79 -61.86 7.49 



442 14.86 -60.92 8.23 



443 14.05 -58.14 6.63 



444 12.69 -51.10 7.07 



445 14.40 -60.18 6.57 



446 12.97 -52.55 7.36 



447 13.00 -52.29 7.12 



448 14.03 -58.23 6.45 



449 14.34 -59.57 8.08 



450 13.42 -54.69 6.65 



451 12.84 -52.05 7.07 



452 13.00 -52.87 6.50 



453 12.51 -50.13 7.35 



454 14.73 -62.11 7.02 



455 13.30 -54.44 6.52 



456 12.38 -49.43 7.26 



457 11.89 -47.01 6.97 



458 13.83 -57.15 6.54 



459 13.85 -57.06 6.66 



460 11.58 -45.27 7.15 



461 12.39 -48.78 6.97 



462 13.60 -55.71 7.37 



463 13.06 -52.92 7.46 



464 13.95 -57.95 5.58 



465 12.44 -50.10 6.71 



466 13.29 -54.41 6.70 



467 13.40 -54.78 7.16 



468 13.30 -54.55 6.32 



469 13.75 -56.73 6.75 



470 11.26 -44.49 7.45 



471 15.42 -65.37 6.36 



472 13.84 -57.37 7.21 



473 12.63 -51.06 6.94 



474 14.02 -58.01 7.13 



475 13.51 -55.61 6.25 



476 12.00 -47.82 7.48 



477 15.23 -64.46 6.48 



478 13.98 -58.01 6.50 



479 13.04 -52.75 7.75 



480 14.33 -59.49 6.18 



481 13.81 -57.58 6.75 



482 14.11 -57.88 8.86 



483 13.10 -53.30 7.35 



484 13.99 -58.05 7.10 



485 13.06 -53.21 6.81 



486 14.92 -62.58 6.37 



487 12.32 -49.56 6.70 



488 12.47 -50.58 6.61 



489 11.92 -47.52 6.86 



490 11.21 -43.31 7.74 



491 12.38 -49.55 6.41 



492 15.82 -67.49 6.83 



493 13.89 -57.44 6.72 



494 14.09 -58.60 6.61 



495 12.57 -50.43 7.05 



496 13.74 -56.65 6.68 



497 13.64 -56.22 7.59 



498 16.95 -73.23 6.33 



499 14.55 -60.68 7.06 



500 13.60 -56.44 7.06 



501 11.48 -45.27 6.73 



502 13.42 -54.94 7.56 



503 13.15 -53.47 7.27 



504 13.72 -56.72 5.38 



505 13.50 -55.78 6.11 



506 11.55 -44.92 8.09 



507 13.53 -55.43 7.02 



508 14.10 -59.53 6.57 



509 16.15 -69.07 6.53 



510 13.19 -53.95 6.87 



511 14.09 -57.86 7.77 



512 16.19 -69.03 7.63 



513 15.30 -64.83 6.45 



514 15.37 -64.95 7.09 



515 12.43 -49.72 7.52 



516 15.11 -63.59 6.40 



517 13.39 -54.88 6.92 



518 12.90 -52.17 6.81 



519 14.78 -61.79 7.42 



520 12.04 -47.63 7.85 



521 14.55 -60.96 6.23 



522 13.56 -55.91 6.45 



523 12.94 -53.81 6.38 



524 13.66 -56.22 6.91 



525 13.55 -55.78 6.75 



526 13.00 -53.22 5.61 



527 15.47 -65.28 7.88 



528 14.68 -61.19 7.67 



529 13.33 -54.40 7.78 



530 13.99 -57.90 6.99 



531 14.77 -62.27 7.00 



532 12.46 -50.25 7.32 



533 13.31 -54.45 6.82 



534 14.04 -58.16 6.66 



535 14.28 -59.36 6.80 



536 10.79 -41.23 8.30 



537 13.75 -56.87 6.44 



538 11.95 -47.56 6.96 



539 12.41 -49.84 7.10 



540 14.63 -61.21 6.62 



541 15.41 -65.18 7.55 



542 14.73 -61.74 6.74 



543 10.52 -39.97 6.63 



544 12.84 -52.14 6.79 



545 14.52 -60.30 7.17 



546 11.83 -46.52 7.69 



547 13.27 -54.40 5.91 



548 14.60 -61.48 6.79 



549 15.59 -65.97 7.99 



550 13.25 -53.85 7.17 



551 13.00 -53.05 5.99 



552 14.23 -59.38 5.99 



553 14.01 -57.76 7.57 



554 14.12 -58.76 6.16 



555 13.27 -54.48 6.34 



556 11.87 -48.69 5.97 



557 14.87 -62.41 7.12 



558 13.05 -53.06 7.04 



559 13.85 -57.53 6.71 



560 15.80 -66.88 7.02 



561 14.75 -61.89 6.30 



562 13.89 -57.58 5.44 



563 14.42 -61.17 6.75 



564 15.28 -64.71 6.56 



565 14.53 -60.64 6.24 



566 15.92 -68.28 5.17 



567 14.09 -58.44 7.17 



568 13.41 -55.23 5.61 



569 12.94 -52.60 7.10 



570 13.75 -56.96 6.18 



571 13.12 -53.26 7.29 



572 11.93 -47.57 5.58 



573 14.72 -61.63 7.32 



574 14.17 -59.08 6.86 



575 14.33 -59.73 6.69 



576 14.39 -59.90 6.67 



577 14.25 -58.42 6.39 



578 14.97 -62.82 7.88 



579 15.74 -66.78 6.84 



580 15.70 -66.75 7.93 



581 15.16 -63.30 7.82 



582 14.60 -61.14 6.00 



583 14.35 -59.88 5.92 



584 15.81 -67.47 6.75 



585 13.70 -56.60 5.99 



586 13.91 -57.64 6.65 



587 13.74 -55.95 7.48 



588 14.47 -60.44 7.27 



589 14.53 -60.85 6.29 



590 14.46 -60.20 6.80 



591 13.41 -54.97 6.54 



592 15.77 -67.42 6.47 



593 13.90 -57.30 7.69 



594 14.57 -61.12 5.71 



595 12.15 -48.49 7.29 



596 13.76 -57.02 5.96 



597 13.95 -58.14 6.47 



598 13.30 -54.36 7.49 



599 14.85 -62.51 7.04 



600 12.48 -50.36 6.65 



601 15.40 -65.15 7.17 



602 14.80 -62.32 6.66 



603 13.76 -56.89 6.53 



604 16.35 -70.08 6.38 



605 14.90 -62.70 6.53 



606 13.82 -57.27 6.19 



607 14.63 -61.04 7.24 



608 13.23 -54.38 6.62 



609 14.75 -61.96 6.59 



610 13.68 -56.15 6.75 



611 13.36 -54.70 7.02 



612 13.68 -56.28 7.65 



613 15.55 -66.27 5.80 



614 12.42 -49.97 6.61 



615 12.82 -51.96 7.14 



616 14.04 -58.57 6.18 



617 12.18 -48.96 6.86 



618 12.51 -49.46 6.88 



619 13.11 -53.09 7.89 



620 14.27 -59.72 5.76 



621 14.53 -60.72 7.37 



622 14.74 -61.44 7.09 



623 12.45 -50.50 5.97 



624 16.38 -69.88 6.49 



625 14.30 -59.63 6.60 



626 14.13 -58.75 7.20 



627 13.71 -56.51 6.45 



628 15.87 -67.07 7.54 



629 15.62 -66.53 6.82 



630 13.44 -55.19 6.93 



631 14.99 -63.18 6.76 



632 13.80 -56.82 7.10 



633 12.60 -50.82 7.52 



634 12.72 -50.94 5.96 



635 14.04 -58.27 7.24 



636 14.31 -59.41 6.88 



637 12.06 -48.18 6.39 



638 13.78 -57.13 5.91 



639 12.42 -49.99 7.13 



640 13.52 -55.73 6.62 



641 13.09 -53.43 6.24 



642 13.56 -55.87 5.93 



643 12.89 -52.32 6.55 



644 13.72 -56.78 5.89 



645 15.09 -63.36 7.42 



646 13.75 -56.63 7.84 



647 13.18 -53.16 6.32 



648 15.71 -66.19 8.08 



649 13.03 -52.66 7.67 



650 14.73 -61.15 8.25 



651 14.58 -61.10 6.35 



652 14.52 -60.80 6.07 



653 15.00 -63.13 5.85 



654 14.28 -59.52 6.41 



655 14.31 -59.46 6.90 



656 13.10 -53.34 6.81 



657 14.42 -60.23 5.89 



658 13.80 -57.44 7.12 



659 13.85 -57.05 7.61 



660 12.36 -49.63 7.19 



661 12.21 -48.61 6.91 



662 15.17 -63.98 7.36 



663 15.24 -64.57 6.32 



664 15.25 -64.56 6.10 



665 12.37 -49.83 6.85 



666 15.76 -67.47 5.83 



667 14.06 -58.20 7.83 



668 13.69 -56.30 7.11 



669 15.23 -63.36 7.24 



670 13.99 -57.74 6.54 



671 14.42 -60.11 6.54 



672 14.03 -58.28 6.09 



673 13.70 -56.50 7.20 



674 16.23 -69.23 6.50 



675 12.95 -52.80 7.15 



676 13.14 -53.84 5.57 



677 14.03 -58.36 6.17 



678 14.09 -58.35 7.38 



679 12.44 -50.17 6.55 



680 14.94 -62.63 8.06 



681 14.64 -60.84 8.42 



682 14.26 -59.50 6.23 



683 12.15 -48.47 6.84 



684 13.69 -56.77 6.05 



685 13.62 -56.18 6.58 



686 16.11 -68.84 8.24 



687 13.69 -56.15 7.13 



688 13.09 -53.22 6.96 



689 15.01 -63.44 5.82 



690 13.85 -57.67 5.96 



691 12.77 -52.56 6.60 



692 13.73 -56.56 7.41 



693 15.57 -66.32 6.37 



694 13.23 -53.85 7.60 



695 16.35 -70.15 6.51 



696 13.33 -54.84 6.36 



697 11.87 -46.94 7.02 



698 13.43 -55.17 6.83 



699 15.44 -65.26 7.42 



700 13.85 -57.04 6.68 



701 15.28 -64.72 6.60 



702 15.82 -67.59 5.99 



703 13.40 -55.21 6.40 



704 11.96 -47.58 7.27 



705 12.64 -50.91 6.46 



706 13.00 -52.94 6.03 



707 13.68 -56.18 6.43 



708 12.80 -51.89 6.97 



709 13.64 -56.36 6.41 



710 13.15 -53.82 6.15 



711 12.89 -51.60 7.88 



712 14.69 -61.41 7.18 



713 15.06 -63.34 6.52 



714 14.16 -58.24 6.97 



715 11.64 -46.23 7.63 



716 16.21 -69.26 7.12 



717 12.38 -49.78 6.43 



718 11.98 -48.08 7.25 



719 12.29 -49.17 7.14 



720 14.78 -62.09 6.97 



721 13.62 -56.06 7.74 



722 12.18 -48.69 6.71 



723 14.85 -62.05 7.00 



724 11.80 -46.70 7.53 



725 13.93 -57.49 7.68 



726 13.48 -54.54 7.64 



727 16.11 -69.04 6.14 



728 14.09 -58.76 5.22 



729 15.42 -65.54 5.69 



730 12.60 -50.58 7.71 



731 16.09 -68.94 5.97 



732 13.91 -57.41 7.81 



733 15.89 -67.32 6.85 



734 14.96 -63.08 6.93 



735 13.63 -56.10 7.36 



736 13.17 -53.68 7.00 



737 15.25 -64.63 5.86 



738 14.32 -59.64 7.40 



739 13.40 -54.50 7.61 



