Set,ReH,sigmaReH,ReE,sigmaReE,ReHtilde,sigmaReHtilde
1,0.785772,0.718869,-4.402409,29.118761,3.412031,1.484837
2,1.352462,0.817276,-1.132727,22.524776,5.127618,4.959191
3,2.778249,6.225899,-10.724724,56.43353,9.350544,35.410442
4,-0.22294,3.984718,18.978971,42.566574,-1.774424,12.888341
5,1.917194,0.325773,2.20124,2.443261,1.54562,2.874905
6,1.674952,1.603639,1.262166,67.010419,5.09789,17.282387
7,1.394504,0.433004,0.248624,7.333676,3.683062,3.81285
8,1.300409,5.054341,-2.652006,38.709585,4.829693,2.856612
9,1.287656,0.846709,3.291356,15.835465,2.991891,3.068781
10,1.29506,0.758909,3.820704,16.374039,1.830309,2.660769
11,-2.84232,6.46262,35.893771,59.635925,-5.390617,15.584756
12,1.450567,0.598105,6.744193,16.035201,4.000039,2.666959
13,1.032586,0.617704,5.774599,15.714767,1.657574,4.620308
14,1.472965,1.434417,-0.200768,17.938064,3.458521,5.183295
15,2.068278,1.55167,-9.675136,23.84648,6.075268,7.126931
16,1.638579,2.324612,-6.249284,25.449544,4.797562,6.378985
17,0.954207,0.646455,0.964294,20.819706,2.914967,3.042626
18,1.350349,3.63617,5.835282,38.655301,3.175805,26.503218
19,1.050174,0.800066,-3.731591,18.758768,4.055613,3.705933
20,0.432839,0.371659,1.838856,9.304238,1.61022,4.35781
21,0.806456,1.756666,2.640639,22.88835,3.882992,3.321834
22,0.248303,5.343492,7.837548,71.264583,4.867718,12.587901
23,0.603786,0.898141,2.832483,16.612869,3.03546,8.795008
24,1.928611,0.684708,-16.207733,20.955482,3.992983,1.290632
25,0.470041,0.304472,1.995294,6.845053,1.779895,3.329207
26,1.01471,0.692047,3.669851,20.25938,2.447785,3.450301
27,0.868668,0.266271,1.705383,7.818128,2.333084,2.778942
28,0.405672,0.640371,0.04108,8.410084,2.023097,3.138893
29,0.972539,0.265215,-8.873068,16.264672,7.232291,11.187974
30,0.726087,5.345189,6.329102,44.679946,-11.495748,35.825653
31,0.812575,0.351704,0.891699,9.972736,2.29267,6.207932
32,1.300768,0.398866,-4.99274,8.696402,5.541234,5.293845
33,1.202694,0.871714,-0.188419,10.737695,2.742691,5.53201
34,0.448393,0.541643,1.187153,8.490508,1.551902,4.201775
35,0.890249,0.493595,0.831122,13.620748,1.606886,8.833706
36,1.70284,2.693248,-4.856635,20.926448,2.439982,8.534351
37,0.443832,1.746898,0.478687,16.849484,1.788911,4.739343
38,1.724548,0.375938,-11.615744,36.916617,6.046108,5.727796
39,0.766543,0.587453,1.210099,8.565677,2.257029,2.578166
40,-0.434731,9.311501,8.170835,56.7346,3.232834,11.636187
41,0.9924,0.450046,-3.289004,9.146703,2.393929,6.247788
42,1.233528,4.78608,-0.21847,35.312369,4.267611,10.21386
43,2.132073,3.840437,-8.187334,31.800564,5.865681,15.425003
44,0.338733,0.250965,-1.112609,7.011032,1.802021,3.076146
45,1.570439,1.160583,1.53634,18.242559,2.893307,3.424132
46,1.995789,3.138996,-7.494954,26.867162,5.862125,11.154216
47,0.819252,0.629764,3.174346,11.354958,0.315925,7.31705
48,0.86115,0.711327,0.962458,13.244532,2.723366,4.37956
49,1.769195,1.095758,-4.218624,15.121463,5.070353,8.596839
50,0.951184,0.522833,-7.255777,7.50003,5.411131,2.787883
51,0.555764,0.667868,-0.481531,9.165312,2.771046,3.868066
52,1.394001,1.225264,-0.722054,21.587223,3.455358,15.738893
53,1.020331,4.096699,0.565368,33.862338,3.075693,12.848197
54,1.172943,0.412325,0.018838,12.700125,2.72469,10.021837
55,1.478418,0.374651,-2.015305,61.960123,4.1264,17.508098
56,1.196231,2.588494,-2.204552,25.010164,4.886881,13.497714
57,1.245236,2.493084,-2.77307,23.131783,1.345914,12.79885
58,0.689178,4.889699,-0.020193,36.114331,2.720009,5.561988
59,0.329328,1.501032,3.154303,15.563416,1.185975,6.541171
60,1.100507,0.578067,0.245455,13.984009,3.561097,10.932102
61,1.834519,2.148351,-7.739079,21.509432,6.14662,10.688414
62,0.86125,0.222481,-0.347877,20.200295,3.035612,13.471949
63,0.586368,0.912365,-0.557784,10.883234,2.140027,4.41288
64,0.648862,0.603363,2.585033,12.386146,2.272632,2.845557
65,0.662023,3.291526,2.087254,26.21885,1.482292,8.315866
66,2.392807,2.808762,-9.771466,25.426397,8.596223,15.501622
67,0.882046,0.532706,-1.777991,7.351626,3.643575,4.518997
68,1.307461,2.557437,-1.750859,22.043456,3.210825,9.714398
69,1.566673,0.538848,-1.162238,25.996186,4.287379,1.247981
70,1.528508,0.788848,-8.528705,29.524589,5.053308,1.764596
71,1.687314,2.517664,-5.311736,26.352935,4.839828,3.778444
72,1.436924,4.092967,-2.030913,27.408533,4.040791,10.746985
73,0.704805,3.498029,3.794216,33.498634,-0.659376,24.871568
74,0.120994,1.263585,2.840826,14.871477,1.559934,3.771941
75,2.917268,5.872769,-11.786986,35.159417,6.389064,7.870212
76,1.939690,1.546026,-10.212095,13.507070,6.033314,5.406935
77,1.001349,0.437634,-0.323138,7.653271,2.299484,5.040828
78,0.855266,0.095397,-9.958415,30.347215,8.733168,23.575493
79,0.626116,0.482693,1.770174,7.807383,0.911417,4.161899
80,1.171639,0.298892,3.315406,17.287857,1.416939,11.730933
81,0.844543,0.191996,3.372825,12.447110,0.365386,8.818701
82,0.834195,1.977330,-0.066833,16.444790,2.667729,6.885758
83,1.655801,2.769647,-6.076500,24.645654,5.079634,9.836625
84,1.137867,0.682153,1.475074,10.390607,1.361100,6.633414
85,3.223671,0.846373,-29.059099,13.695861,19.805436,8.003484
86,1.999747,2.564711,-7.207325,20.689878,2.786440,9.109410
87,0.294054,0.140008,-0.777963,4.434203,1.835901,1.781026
88,1.749122,0.542717,2.952008,6.984879,-3.049577,7.470028
89,1.661042,0.216263,5.043867,2.607284,-0.112891,1.580225
90,1.456671,0.443748,6.513998,24.201329,-4.418635,22.359457
91,1.107604,1.537601,-3.334148,19.458629,4.159053,7.704233
92,1.160051,1.488848,1.773128,18.812363,1.183999,11.311580
93,0.932544,0.409292,0.246090,6.890632,2.415631,4.611030
94,0.784451,0.159410,-13.363379,31.707773,9.110581,18.834414
95,0.301528,1.006011,1.446149,10.761982,1.564054,3.682174
96,0.283106,0.107127,1.020925,6.281734,0.557487,3.195945
97,1.353607,2.256820,-1.860346,20.742286,4.484878,10.788497
98,0.731904,4.003437,-4.459453,38.979154,2.726856,5.605671
99,1.122221,1.056248,-4.408642,12.386600,4.251430,5.651986
100,0.763930,4.092205,2.308590,26.573910,2.608395,5.615079