5.75000 2.21800 0.34500 -0.17600 7.50000 104.30000 3.60000 0.67801 1.08216
5.75000 2.21800 0.34500 -0.17600 22.50000 108.60000 3.60000 0.67801 1.08216
5.75000 2.21800 0.34500 -0.17600 37.50000 100.30000 3.40000 0.67801 1.08216
5.75000 2.21800 0.34500 -0.17600 52.50000 91.20000 3.20000 0.67801 1.08216
5.75000 2.21800 0.34500 -0.17600 67.50000 76.80000 2.90000 0.67801 1.08216
5.75000 2.21800 0.34500 -0.17600 82.50000 73.00000 2.80000 0.67801 1.08216
5.75000 2.21800 0.34500 -0.17600 97.50000 56.50000 2.50000 0.67801 1.08216
5.75000 2.21800 0.34500 -0.17600 112.50000 55.70000 2.30000 0.67801 1.08216
5.75000 2.21800 0.34500 -0.17600 127.50000 49.00000 2.20000 0.67801 1.08216
5.75000 2.21800 0.34500 -0.17600 142.50000 47.00000 2.10000 0.67801 1.08216
5.75000 2.21800 0.34500 -0.17600 157.50000 41.10000 2.00000 0.67801 1.08216
5.75000 2.21800 0.34500 -0.17600 172.50000 41.60000 2.00000 0.67801 1.08216
5.75000 2.21800 0.34500 -0.17600 187.50000 38.50000 1.90000 0.67801 1.08216
5.75000 2.21800 0.34500 -0.17600 202.50000 41.10000 1.90000 0.67801 1.08216
5.75000 2.21800 0.34500 -0.17600 217.50000 45.30000 2.10000 0.67801 1.08216
5.75000 2.21800 0.34500 -0.17600 232.50000 51.30000 2.20000 0.67801 1.08216
5.75000 2.21800 0.34500 -0.17600 247.50000 53.30000 2.30000 0.67801 1.08216
5.75000 2.21800 0.34500 -0.17600 262.50000 62.20000 2.50000 0.67801 1.08216
5.75000 2.21800 0.34500 -0.17600 277.50000 70.00000 2.70000 0.67801 1.08216
5.75000 2.21800 0.34500 -0.17600 292.50000 80.10000 2.90000 0.67801 1.08216
5.75000 2.21800 0.34500 -0.17600 307.50000 87.40000 3.10000 0.67801 1.08216
5.75000 2.21800 0.34500 -0.17600 322.50000 97.40000 3.30000 0.67801 1.08216
5.75000 2.21800 0.34500 -0.17600 337.50000 99.20000 3.50000 0.67801 1.08216
5.75000 2.21800 0.34500 -0.17600 352.50000 98.60000 3.60000 0.67801 1.08216
5.75000 2.31800 0.36300 -0.23200 7.50000 80.30000 3.50000 0.61351 0.94474
5.75000 2.31800 0.36300 -0.23200 22.50000 80.60000 3.30000 0.61351 0.94474
5.75000 2.31800 0.36300 -0.23200 37.50000 70.50000 3.00000 0.61351 0.94474
5.75000 2.31800 0.36300 -0.23200 52.50000 60.40000 2.70000 0.61351 0.94474
5.75000 2.31800 0.36300 -0.23200 67.50000 51.30000 2.40000 0.61351 0.94474
5.75000 2.31800 0.36300 -0.23200 82.50000 46.30000 2.20000 0.61351 0.94474
5.75000 2.31800 0.36300 -0.23200 97.50000 42.60000 2.00000 0.61351 0.94474
5.75000 2.31800 0.36300 -0.23200 112.50000 35.30000 1.80000 0.61351 0.94474
5.75000 2.31800 0.36300 -0.23200 127.50000 34.80000 1.70000 0.61351 0.94474
5.75000 2.31800 0.36300 -0.23200 142.50000 28.40000 1.60000 0.61351 0.94474
5.75000 2.31800 0.36300 -0.23200 157.50000 30.90000 1.60000 0.61351 0.94474
5.75000 2.31800 0.36300 -0.23200 172.50000 25.70000 1.50000 0.61351 0.94474
5.75000 2.31800 0.36300 -0.23200 187.50000 27.70000 1.50000 0.61351 0.94474
5.75000 2.31800 0.36300 -0.23200 202.50000 29.70000 1.60000 0.61351 0.94474
5.75000 2.31800 0.36300 -0.23200 217.50000 31.40000 1.60000 0.61351 0.94474
5.75000 2.31800 0.36300 -0.23200 232.50000 34.40000 1.70000 0.61351 0.94474
5.75000 2.31800 0.36300 -0.23200 247.50000 35.80000 1.80000 0.61351 0.94474
5.75000 2.31800 0.36300 -0.23200 262.50000 42.40000 2.00000 0.61351 0.94474
5.75000 2.31800 0.36300 -0.23200 277.50000 43.90000 2.10000 0.61351 0.94474
5.75000 2.31800 0.36300 -0.23200 292.50000 54.60000 2.30000 0.61351 0.94474
5.75000 2.31800 0.36300 -0.23200 307.50000 63.30000 2.60000 0.61351 0.94474
5.75000 2.31800 0.36300 -0.23200 322.50000 66.80000 2.90000 0.61351 0.94474
5.75000 2.31800 0.36300 -0.23200 337.50000 75.20000 3.30000 0.61351 0.94474
5.75000 2.31800 0.36300 -0.23200 352.50000 77.30000 3.50000 0.61351 0.94474
5.75000 2.34800 0.36800 -0.27900 7.50000 66.60000 4.20000 0.56741 0.84881
5.75000 2.34800 0.36800 -0.27900 22.50000 71.90000 4.00000 0.56741 0.84881
5.75000 2.34800 0.36800 -0.27900 37.50000 58.00000 3.20000 0.56741 0.84881
5.75000 2.34800 0.36800 -0.27900 52.50000 48.20000 2.80000 0.56741 0.84881
5.75000 2.34800 0.36800 -0.27900 67.50000 42.20000 2.40000 0.56741 0.84881
5.75000 2.34800 0.36800 -0.27900 82.50000 39.40000 2.20000 0.56741 0.84881
5.75000 2.34800 0.36800 -0.27900 97.50000 29.50000 1.90000 0.56741 0.84881
5.75000 2.34800 0.36800 -0.27900 112.50000 28.70000 1.70000 0.56741 0.84881
5.75000 2.34800 0.36800 -0.27900 127.50000 23.80000 1.50000 0.56741 0.84881
5.75000 2.34800 0.36800 -0.27900 142.50000 24.80000 1.50000 0.56741 0.84881
5.75000 2.34800 0.36800 -0.27900 157.50000 25.70000 1.60000 0.56741 0.84881
5.75000 2.34800 0.36800 -0.27900 172.50000 25.70000 1.60000 0.56741 0.84881
5.75000 2.34800 0.36800 -0.27900 187.50000 20.60000 1.50000 0.56741 0.84881
5.75000 2.34800 0.36800 -0.27900 202.50000 20.70000 1.50000 0.56741 0.84881
5.75000 2.34800 0.36800 -0.27900 217.50000 24.20000 1.50000 0.56741 0.84881
5.75000 2.34800 0.36800 -0.27900 232.50000 28.30000 1.60000 0.56741 0.84881
5.75000 2.34800 0.36800 -0.27900 247.50000 27.20000 1.70000 0.56741 0.84881
5.75000 2.34800 0.36800 -0.27900 262.50000 31.70000 1.80000 0.56741 0.84881
5.75000 2.34800 0.36800 -0.27900 277.50000 35.10000 2.00000 0.56741 0.84881
5.75000 2.34800 0.36800 -0.27900 292.50000 41.80000 2.20000 0.56741 0.84881
5.75000 2.34800 0.36800 -0.27900 307.50000 51.40000 2.70000 0.56741 0.84881
5.75000 2.34800 0.36800 -0.27900 322.50000 51.40000 2.90000 0.56741 0.84881
5.75000 2.34800 0.36800 -0.27900 337.50000 56.80000 3.50000 0.56741 0.84881
5.75000 2.34800 0.36800 -0.27900 352.50000 60.00000 4.10000 0.56741 0.84881
5.75000 2.36000 0.37100 -0.32500 7.50000 64.80000 5.80000 0.52790 0.76846
5.75000 2.36000 0.37100 -0.32500 22.50000 60.20000 4.90000 0.52790 0.76846
5.75000 2.36000 0.37100 -0.32500 37.50000 42.30000 3.40000 0.52790 0.76846
5.75000 2.36000 0.37100 -0.32500 52.50000 39.20000 3.00000 0.52790 0.76846
5.75000 2.36000 0.37100 -0.32500 67.50000 36.80000 2.60000 0.52790 0.76846
5.75000 2.36000 0.37100 -0.32500 82.50000 27.30000 2.10000 0.52790 0.76846
5.75000 2.36000 0.37100 -0.32500 97.50000 25.10000 1.90000 0.52790 0.76846
5.75000 2.36000 0.37100 -0.32500 112.50000 24.30000 1.70000 0.52790 0.76846
5.75000 2.36000 0.37100 -0.32500 127.50000 21.90000 1.60000 0.52790 0.76846
5.75000 2.36000 0.37100 -0.32500 142.50000 20.30000 1.50000 0.52790 0.76846
5.75000 2.36000 0.37100 -0.32500 157.50000 19.00000 1.50000 0.52790 0.76846
5.75000 2.36000 0.37100 -0.32500 172.50000 20.40000 1.60000 0.52790 0.76846
5.75000 2.36000 0.37100 -0.32500 187.50000 18.10000 1.50000 0.52790 0.76846
5.75000 2.36000 0.37100 -0.32500 202.50000 22.80000 1.60000 0.52790 0.76846
5.75000 2.36000 0.37100 -0.32500 217.50000 19.10000 1.50000 0.52790 0.76846
5.75000 2.36000 0.37100 -0.32500 232.50000 21.90000 1.50000 0.52790 0.76846
5.75000 2.36000 0.37100 -0.32500 247.50000 20.80000 1.60000 0.52790 0.76846
5.75000 2.36000 0.37100 -0.32500 262.50000 25.60000 1.90000 0.52790 0.76846
5.75000 2.36000 0.37100 -0.32500 277.50000 31.50000 2.10000 0.52790 0.76846
5.75000 2.36000 0.37100 -0.32500 292.50000 36.40000 2.40000 0.52790 0.76846
5.75000 2.36000 0.37100 -0.32500 307.50000 40.00000 2.70000 0.52790 0.76846
5.75000 2.36000 0.37100 -0.32500 322.50000 52.60000 3.40000 0.52790 0.76846
5.75000 2.36000 0.37100 -0.32500 337.50000 55.70000 4.60000 0.52790 0.76846
5.75000 2.36000 0.37100 -0.32500 352.50000 59.10000 5.70000 0.52790 0.76846
5.75000 2.37500 0.37300 -0.37200 7.50000 60.60000 8.40000 0.49220 0.69761
5.75000 2.37500 0.37300 -0.37200 22.50000 54.80000 6.30000 0.49220 0.69761
5.75000 2.37500 0.37300 -0.37200 37.50000 41.20000 4.10000 0.49220 0.69761
5.75000 2.37500 0.37300 -0.37200 52.50000 38.80000 3.30000 0.49220 0.69761
5.75000 2.37500 0.37300 -0.37200 67.50000 29.50000 2.60000 0.49220 0.69761
5.75000 2.37500 0.37300 -0.37200 82.50000 23.80000 2.20000 0.49220 0.69761
5.75000 2.37500 0.37300 -0.37200 97.50000 20.30000 1.90000 0.49220 0.69761
5.75000 2.37500 0.37300 -0.37200 112.50000 16.60000 1.60000 0.49220 0.69761
5.75000 2.37500 0.37300 -0.37200 127.50000 16.50000 1.50000 0.49220 0.69761
5.75000 2.37500 0.37300 -0.37200 142.50000 14.90000 1.40000 0.49220 0.69761
5.75000 2.37500 0.37300 -0.37200 157.50000 14.00000 1.50000 0.49220 0.69761
5.75000 2.37500 0.37300 -0.37200 172.50000 13.70000 1.70000 0.49220 0.69761
5.75000 2.37500 0.37300 -0.37200 187.50000 15.10000 1.70000 0.49220 0.69761
5.75000 2.37500 0.37300 -0.37200 202.50000 16.70000 1.60000 0.49220 0.69761
5.75000 2.37500 0.37300 -0.37200 217.50000 14.20000 1.40000 0.49220 0.69761
5.75000 2.37500 0.37300 -0.37200 232.50000 19.00000 1.50000 0.49220 0.69761
5.75000 2.37500 0.37300 -0.37200 247.50000 18.50000 1.70000 0.49220 0.69761
5.75000 2.37500 0.37300 -0.37200 262.50000 19.60000 1.80000 0.49220 0.69761
5.75000 2.37500 0.37300 -0.37200 277.50000 24.20000 2.00000 0.49220 0.69761
5.75000 2.37500 0.37300 -0.37200 292.50000 31.20000 2.50000 0.49220 0.69761
5.75000 2.37500 0.37300 -0.37200 307.50000 33.30000 2.90000 0.49220 0.69761
5.75000 2.37500 0.37300 -0.37200 322.50000 45.50000 4.00000 0.49220 0.69761
5.75000 2.37500 0.37300 -0.37200 337.50000 55.20000 6.40000 0.49220 0.69761
5.75000 2.37500 0.37300 -0.37200 352.50000 55.40000 8.70000 0.49220 0.69761
