2.34162405617032
2.34142524869635
2.34122788859435
2.34103197741935
2.34083751672436
2.34064450806034
2.34045295297622
2.34026285301885
2.34007420973306
2.33988702466154
2.33970129934493
2.33951703532174
2.33933423412838
2.33915289729913
2.33897302636611
2.33879462285931
2.33861768830654
2.33844222423343
2.33826823216344
2.33809571361781
2.33792467011558
2.33775510317355
2.3375870143063
2.33742040502615
2.33725527684316
2.33709163126512
2.33692946979753
2.33676879394361
2.33660960520423
2.33645190507799
2.33629569506112
2.33614097664752
2.33598775132873
2.33583602059393
2.3356857859299
2.33553704882104
2.33538981074934
2.33524407319439
2.33509983763332
2.33495710554084
2.33481587838922
2.33467615764823
2.33453794478519
2.33440124126493
2.33426604854977
2.33413236809953
2.33400020137149
2.3338695498204
2.33374041489847
2.33361279805535
2.33348670073811
2.33336212439124
2.33323907045664
2.3331175403736
2.33299753557879
2.33287905750624
2.33276210758737
2.3326466872509
2.33253279792292
2.33242044102684
2.33230961798335
2.33220033021048
2.33209257912351
2.33198636613503
2.33188169265486
2.33177856009011
2.33167696984509
2.33157692332137
2.33147842191773
2.33138146703014
2.33128606005178
2.331192202373
2.33109989538134
2.33100914046149
2.33091993899527
2.33083229236166
2.33074620193675
2.33066166909376
2.33057869520299
2.33049728163184
2.3304174297448
2.3303391409034
2.33026241646624
2.33018725778898
2.33011366622428
2.33004164312186
2.32997118982841
2.32990230768764
2.32983499804025
2.32976926222392
2.32970510157326
2.32964251741988
2.3295815110923
2.32952208391599
2.32946423721332
2.32940797230358
2.32935329050296
2.32930019312452
2.32924868147823
2.32919875687088
2.32915042060614
2.32910367398451
2.32905851830333
2.32901495485674
2.32897298493572
2.32893260982801
2.32889383081817
2.32885664918751
2.32882106621411
2.32878708317281
2.3287547013352
2.32872392196958
2.32869474634098
2.32866717571115
2.32864121133852
2.32861685447822
2.32859410638206
2.32857296829851
2.32855344147269
2.32853552714638
2.32851922655799
2.32850454094254
2.32849147153168
2.32848001955366
2.32847018623332
2.32846197279207
2.3284553804479
2.32845041041537
2.32844706390557
2.32844534212615
2.32844524628128
2.32844677757164
2.32844993719443
2.32845472634334
2.32846114620856
2.32846919797674
2.32847888283101
2.32849020195095
2.32850315651259
2.32851774768839
2.32853397664725
2.32855184455447
2.32857135257177
2.32859250185725
2.32861529356542
2.32863972884714
2.32866580884965
2.32869353471654
2.32872290758774
2.32875392859955
2.32878659888455
2.32882091957167
2.32885689178613
2.32889451664945
2.32893379527944
2.32897472879018
2.32901731829203
2.32906156489161
2.32910746969177
2.32915503379161
2.32920425828646
2.32925514426787
2.3293076928236
2.32936190503762
2.32941778199006
2.32947532475728
2.32953453441177
2.3295954120222
2.32965795865341
2.32972217536637
2.32978806321817
2.32985562326206
2.32992485654738
2.32999576411959
2.33006834702026
2.33014260628704
2.33021854295365
2.33029615804989
2.33037545260164
2.33045642763083
2.3305390841554
2.33062342318938
2.33070944574279
2.3307971528217
2.33088654542815
2.33097762456022
2.33107039121197
2.33116484637343
2.33126099103065
2.3313588261656
2.33145835275623
2.33155957177644
2.33166248419608
2.33176709098092
2.33187339309266
2.33198139148893
2.33209108712326
2.33220248094508
2.33231557389971
2.33243036692837
2.33254686096813
2.33266505695196
2.33278495580868
2.33290655846295
2.33302986583529
2.33315487884205
2.33328159839542
2.3334100254034
2.3335401607698
2.33367200539425
2.33380556017217
2.33394082599477
2.33407780374906
2.3342164943178
2.33435689857954
2.33449901740856
2.33464285167495
2.33478840224448
2.3349356699787
2.33508465573488
2.33523536036602
2.33538778472084
2.33554192964374
2.33569779597486
2.33585538455002
2.33601469620072
2.33617573175417
2.33633849203322
2.3365029778564
2.33666919003793
2.33683712938763
2.33700679671102
2.33717819280922
2.33735131847901
2.33752617451279
2.33770276169858
2.33788108082001
2.33806113265633
2.33824291798238
2.33842643756861
2.33861169218102
2.33879868258126
2.33898740952648
2.33917787376946
2.33937007605852
2.33956401713752
2.33975969774592
2.33995711861866
2.3401562804863
2.34035718407485
2.34055983010591
2.34076421929657
2.34097035235945
2.34117823000268
2.34138785292989
2.34159922184021
