0.111332557973361
0.111332558083377
0.111332558193395
0.111332558303413
0.111332558413433
0.111332558523453
0.111332558633475
0.111332558743498
0.111332558853521
0.111332558963546
0.111332559073571
0.111332559183598
0.111332559293626
0.111332559403655
0.111332559513684
0.111332559623715
0.111332559733747
0.111332559843779
0.111332559953813
0.111332560063848
0.111332560173884
0.11133256028392
0.111332560393958
0.111332560503997
0.111332560614037
0.111332560724078
0.11133256083412
0.111332560944162
0.111332561054206
0.111332561164251
0.111332561274297
0.111332561384344
0.111332561494392
0.111332561604441
0.111332561714491
0.111332561824542
0.111332561934594
0.111332562044647
0.111332562154701
0.111332562264756
0.111332562374812
0.111332562484869
0.111332562594927
0.111332562704986
0.111332562815046
0.111332562925108
0.11133256303517
0.111332563145233
0.111332563255297
0.111332563365362
0.111332563475428
0.111332563585496
0.111332563695564
0.111332563805633
0.111332563915703
0.111332564025775
0.111332564135847
0.11133256424592
0.111332564355995
0.11133256446607
0.111332564576146
0.111332564686224
0.111332564796302
0.111332564906381
0.111332565016462
0.111332565126543
0.111332565236626
0.111332565346709
0.111332565456794
0.111332565566879
0.111332565676965
0.111332565787053
0.111332565897141
0.111332566007231
0.111332566117322
0.111332566227413
0.111332566337506
0.111332566447599
0.111332566557694
0.111332566667789
0.111332566777886
0.111332566887984
0.111332566998082
0.111332567108182
0.111332567218283
0.111332567328384
0.111332567438487
0.111332567548591
0.111332567658696
0.111332567768801
0.111332567878908
0.111332567989016
0.111332568099125
0.111332568209235
0.111332568319345
0.111332568429457
0.11133256853957
0.111332568649684
0.111332568759799
0.111332568869915
0.111332568980032
0.111332569090149
0.111332569200268
0.111332569310388
0.111332569420509
0.111332569530631
0.111332569640754
0.111332569750878
0.111332569861003
0.111332569971129
0.111332570081256
0.111332570191385
0.111332570301514
0.111332570411644
0.111332570521775
0.111332570631907
0.11133257074204
0.111332570852174
0.111332570962309
0.111332571072446
0.111332571182583
0.111332571292721
0.11133257140286
0.111332571513
0.111332571623142
0.111332571733284
0.111332571843427
0.111332571953571
0.111332572063717
0.111332572173863
0.11133257228401
0.111332572394159
0.111332572504308
0.111332572614459
0.11133257272461
0.111332572834762
0.111332572944916
0.11133257305507
0.111332573165226
0.111332573275382
0.11133257338554
0.111332573495698
0.111332573605858
0.111332573716018
0.11133257382618
0.111332573936342
0.111332574046506
0.11133257415667
0.111332574266836
0.111332574377002
0.11133257448717
0.111332574597339
0.111332574707508
0.111332574817679
0.111332574927851
0.111332575038023
0.111332575148197
0.111332575258372
0.111332575368548
0.111332575478724
0.111332575588902
0.111332575699081
0.111332575809261
0.111332575919441
0.111332576029623
0.111332576139806
0.11133257624999
0.111332576360175
0.111332576470361
0.111332576580548
0.111332576690735
0.111332576800924
0.111332576911114
0.111332577021305
0.111332577131497
0.11133257724169
0.111332577351884
0.111332577462079
0.111332577572275
0.111332577682472
0.11133257779267
0.111332577902869
0.111332578013069
0.11133257812327
0.111332578233473
0.111332578343676
0.11133257845388
0.111332578564085
0.111332578674291
0.111332578784498
0.111332578894706
0.111332579004916
0.111332579115126
0.111332579225337
0.111332579335549
0.111332579445763
0.111332579555977
0.111332579666192
0.111332579776408
0.111332579886626
0.111332579996844
0.111332580107063
0.111332580217284
0.111332580327505
0.111332580437727
0.111332580547951
0.111332580658175
0.111332580768401
0.111332580878627
0.111332580988855
0.111332581099083
0.111332581209313
0.111332581319543
0.111332581429775
0.111332581540007
0.111332581650241
0.111332581760475
0.111332581870711
0.111332581980947
0.111332582091185
0.111332582201424
0.111332582311663
0.111332582421904
0.111332582532145
0.111332582642388
0.111332582752632
0.111332582862876
0.111332582973122
0.111332583083369
0.111332583193617
0.111332583303865
0.111332583414115
0.111332583524366
0.111332583634618
0.111332583744871
0.111332583855124
0.111332583965379
0.111332584075635
0.111332584185892
0.11133258429615
0.111332584406409
0.111332584516669
0.11133258462693
0.111332584737191
0.111332584847454
0.111332584957718
0.111332585067983
0.111332585178249
0.111332585288516
0.111332585398784
0.111332585509053
0.111332585619323
0.111332585729594
0.111332585839867
0.11133258595014
0.111332586060414
