2.75000 1.51576 0.36920 -0.30689 0.60357 0.45756 42.07553 17.39610 3.36188 1.01765
2.75000 1.86729 0.52741 -0.43745 1.41945 0.21634 -2.29040 1.11618 5.59926 0.99260
2.75000 1.18899 0.58020 -0.47946 1.77684 0.18161 -1.61357 0.65993 3.58618 1.71502
2.75000 1.44409 0.46386 -0.48314 1.42804 0.21522 -1.21528 0.56913 5.31350 1.05072
2.75000 1.61525 0.59950 -0.49178 2.16161 0.21465 -2.46753 0.72132 4.18988 2.87805
2.75000 1.81202 0.38460 -0.44366 0.64727 1.19891 -0.28271 3.15006 1.63902 2.85171
2.75000 1.85537 0.57231 -0.46133 1.67650 0.18778 -3.07064 0.66256 4.80763 2.47295
2.75000 1.11798 0.28337 -0.49829 0.95224 0.54485 1.36798 2.07420 4.90425 0.90380
2.75000 1.78384 0.49226 -0.46176 1.50498 0.24563 -2.96741 1.05956 4.15610 0.76559
2.75000 1.66447 0.45201 -0.42254 1.60016 0.26482 -3.32832 1.48957 3.50066 0.71381
2.75000 1.19147 0.39398 -0.44091 1.22989 0.20994 -2.45771 0.64024 4.50838 0.80062
2.75000 2.03965 0.54798 -0.44907 1.76037 0.23291 -2.44731 0.96686 5.42343 1.46758
2.75000 1.68691 0.50355 -0.38376 1.44076 0.19520 -3.09455 0.82301 4.24562 0.82441
2.75000 1.55480 0.47467 -0.46974 1.69012 0.23693 -2.05494 0.62306 3.60418 0.89690
2.75000 1.60539 0.49400 -0.45435 1.59526 0.21262 -2.42987 0.68043 3.81829 1.07489
2.75000 1.37086 0.41685 -0.45569 1.36960 0.24044 -2.68183 0.65260 3.99940 0.83510
2.75000 1.62828 0.43308 -0.35494 1.10842 0.25579 -4.98986 2.39853 3.59729 0.68251
2.75000 1.34921 0.60967 -0.49686 2.00096 0.18549 -1.07470 0.70259 8.14594 2.13489
2.75000 1.66558 0.45736 -0.38502 1.08398 0.25837 -3.60519 1.60034 4.11016 0.68408
2.75000 1.01484 0.41042 -0.23270 0.89081 0.12132 -3.66190 0.86344 4.45658 0.63996
2.75000 1.54880 0.41631 -0.48802 1.30358 0.34808 -2.20159 1.21972 4.95946 0.73918
2.75000 1.51544 0.31382 -0.44810 0.10851 1.16493 3.26201 0.74510 3.39481 1.08565
2.75000 1.07525 0.45671 -0.29071 1.04200 0.15413 -3.23362 0.64347 6.02912 0.90045
2.75000 1.80568 0.44748 -0.45467 1.64186 0.36985 -3.52386 4.30280 3.84017 0.81706
2.75000 1.01332 0.42322 -0.23884 0.90409 0.12635 -3.65397 0.78939 4.65252 0.73146
2.75000 1.73135 0.47085 -0.39086 1.25951 0.26873 -3.50841 1.75105 3.92113 0.69035
2.75000 1.47272 0.45585 -0.29689 1.14594 0.16550 -3.24403 1.35855 4.23164 0.62200
5.75000 1.39960 0.33253 -0.26192 0.83568 0.15387 -3.45429 0.69955 3.15006 0.59409
5.75000 2.05942 0.43333 -0.27260 1.05712 0.10197 -3.94857 0.82933 3.97123 0.59448
5.75000 1.13528 0.58938 -0.46374 1.84846 0.22818 -2.74365 0.63300 -3.47172 2.59963
5.75000 2.35068 0.43460 -0.31680 1.10246 0.12850 -3.28960 0.72396 4.64299 0.58882
5.75000 2.75514 0.47567 -0.41494 1.13961 0.14412 -1.73838 0.59537 3.52232 0.86946
5.75000 2.35866 0.43994 -0.42081 1.26519 0.15260 -1.21791 0.58486 4.15548 0.83470
5.75000 1.57805 0.37843 -0.27635 0.72431 0.11280 -3.37275 0.70565 4.27752 0.87366
5.75000 2.36216 0.46084 -0.35437 1.07104 0.12540 -2.71658 0.68564 4.04330 1.02373
5.75000 1.33701 0.42340 -0.41039 1.41377 0.14900 -2.64413 0.59733 0.58571 1.23311
5.75000 1.40182 0.29970 -0.30979 0.82877 0.16525 -3.27577 0.72840 3.00868 0.52964
5.75000 4.10727 0.48799 -0.46932 1.70984 0.26381 3.23542 1.07883 3.97633 0.73075
5.75000 2.92742 0.39305 -0.39310 1.05008 0.24014 -3.44163 1.01564 3.70736 0.54973
5.75000 1.59406 0.28337 -0.49831 1.32123 0.17572 -2.38229 0.57807 6.06926 0.96144
5.75000 1.77296 0.46030 -0.32560 1.07451 0.11468 -1.99949 0.63876 2.43668 1.08011
5.75000 2.19159 0.35111 -0.49657 1.35201 0.18861 -1.92191 0.55966 5.36656 0.78069
5.75000 2.18305 0.45131 -0.49799 1.40174 0.16571 -1.67878 0.58337 2.86261 0.97574
5.75000 1.13398 0.32475 -0.16584 0.23640 0.64711 -131.55969 39.25505 3.74135 0.49212
5.75000 3.36570 0.41487 -0.49069 1.77051 0.24694 -2.18073 1.28696 4.00264 0.59419
5.75000 2.13106 0.40538 -0.45627 1.26526 0.15262 -1.74532 0.58263 3.63105 0.82745
5.75000 2.38142 0.47792 -0.40392 1.08719 0.13737 -0.94138 0.56245 3.99584 0.96061
5.75000 2.95227 0.41033 -0.38961 1.17382 0.18935 -3.12959 0.79211 4.18751 0.51642
5.75000 2.72254 0.47467 -0.47447 1.43640 0.16306 -0.75924 0.56859 3.62498 0.94576
5.75000 1.07126 0.32929 -0.22968 0.69499 0.11059 -3.53919 0.71094 4.25863 0.78609
5.75000 1.63185 0.35122 -0.28439 0.91626 0.15244 -3.30685 0.73156 3.84525 0.57131
5.75000 2.59384 0.51914 -0.46972 1.36906 0.17440 -0.46203 0.65748 3.85008 1.20629
5.75000 2.11599 0.38912 -0.45713 1.24668 0.16113 -1.78052 0.56447 4.11224 0.80884
5.75000 2.18192 0.48957 -0.36250 1.18246 0.12456 -2.13488 0.61802 4.25925 1.29285
5.75000 3.93879 0.50032 -0.46291 1.48791 0.22034 2.14641 1.05095 2.80538 0.69829
5.75000 2.10026 0.45684 -0.45156 1.19825 0.14805 -1.51111 0.63041 3.38166 1.01879
5.75000 1.12678 0.48310 -0.37638 1.33838 0.17457 -2.86447 0.59982 -0.63669 1.29200
5.75000 1.42995 0.22566 -0.39511 0.96116 0.32653 -2.02982 1.20435 3.21469 0.50406
5.75000 1.08540 0.39718 -0.30558 0.91592 0.11983 -3.02570 0.71988 2.71812 0.95200
5.75000 2.28953 0.50117 -0.40005 1.17174 0.13547 -0.51310 0.60623 5.15597 1.22565
5.75000 2.06045 0.42777 -0.41906 1.20176 0.14559 -1.67436 0.57926 3.55552 0.89063
5.75000 2.46397 0.45830 -0.31329 1.06125 0.11186 -1.33286 1.84873 3.95007 0.70598
5.75000 1.40541 0.36094 -0.29413 0.25823 0.47464 -3.08090 0.75862 3.11358 0.71319
5.75000 2.99994 0.38417 -0.36153 1.00450 0.24935 -3.79531 1.82695 3.90546 0.57486
5.75000 1.98947 0.34863 -0.44090 1.27492 0.16729 -2.37470 0.61997 3.21317 0.72667
5.75000 1.93397 0.48725 -0.47464 1.49128 0.16891 -1.58587 0.64520 2.78572 1.26012
5.75000 1.69905 0.43429 -0.33373 0.98722 0.13260 -1.71359 0.67495 4.10541 0.96820
5.75000 1.98286 0.40710 -0.43572 1.25453 0.15513 -1.88534 0.60067 3.35277 0.89562
5.75000 4.53205 0.50374 -0.49875 1.66184 0.36431 2.59723 2.37920 4.61770 0.94581
5.75000 3.82342 0.41418 -0.46470 1.38547 0.46217 0.30625 3.22145 5.37208 1.01746
5.75000 2.93082 0.35341 -0.49861 1.20664 0.36004 -1.40833 1.57830 4.43933 0.65914
5.75000 1.01357 0.48025 -0.44511 1.65334 0.17865 -2.68446 0.57288 -0.72371 1.63411
5.75000 1.39787 0.54361 -0.44501 1.47396 0.19977 -2.17182 0.71115 1.28075 1.98984
5.75000 1.41485 0.26356 -0.25556 0.55707 0.26688 -2.12516 1.48998 2.79989 0.54102
5.75000 1.02442 0.35328 -0.46634 1.51219 0.15360 -2.75820 0.60566 1.97645 1.38204
10.00000 2.06666 0.35211 -0.37245 0.99771 0.15087 -2.62947 0.67059 2.77163 0.73819
10.00000 3.49294 0.43192 -0.39292 1.10520 0.11994 -1.31831 0.58781 3.30698 0.78559
10.00000 3.10002 0.43333 -0.28569 0.88113 0.09776 0.85551 0.63191 0.59046 0.65378
10.00000 3.55277 0.39634 -0.36282 0.92919 0.11672 -3.04133 0.68945 3.61614 0.78030
10.00000 4.69495 0.46461 -0.40955 1.38546 0.12929 -1.30863 1.29431 4.38693 0.61889
10.00000 3.67644 0.43460 -0.32763 1.12572 0.10514 -2.56170 0.96493 4.39352 0.61208
10.00000 2.64696 0.35637 -0.42089 1.01509 0.14032 -2.26223 0.60989 3.84806 0.70499
10.00000 3.80212 0.36671 -0.46822 1.24005 0.14717 -2.38675 0.62617 3.73985 0.62513
10.00000 3.68838 0.43994 -0.42589 1.30472 0.12988 -0.88847 0.53989 3.79106 0.73241
10.00000 4.77584 0.45421 -0.49086 1.61580 0.15017 -1.14713 0.59238 3.86484 0.75752
10.00000 1.66994 0.42340 -0.41350 1.49243 0.16950 -2.63995 0.59444 -0.39370 1.31888
10.00000 1.31324 0.28904 -0.14701 0.42315 0.20798 -124.52390 45.85102 3.48443 0.41215
10.00000 2.28901 0.57785 -0.49832 2.10528 0.33438 -2.51554 1.33027 1.08358 10.49569
10.00000 6.06888 0.49391 -0.45394 1.63198 0.15264 2.59196 0.61580 1.84527 0.79090
10.00000 4.09215 0.52762 -0.49202 1.59558 0.16620 -0.30583 0.72836 1.48990 1.09369
10.00000 3.76050 0.35162 -0.37189 1.23723 0.14871 -3.13464 0.64378 4.09955 0.49632
10.00000 4.14208 0.44963 -0.48903 1.28745 0.14723 -0.77171 0.54509 3.68345 0.81180
10.00000 2.62113 0.44119 -0.36026 0.95764 0.13402 -1.03674 0.58733 3.63228 0.79409
10.00000 4.37314 0.41817 -0.30677 0.73775 0.10382 0.37535 0.84633 1.03904 0.60709
10.00000 1.28001 0.33801 -0.28009 0.53749 0.39370 -3.64181 0.81203 -1.51890 0.71398
10.00000 1.11219 0.32705 -0.14238 0.60788 0.30367 -46.41569 36.19156 3.65990 0.57593
10.00000 3.60857 0.41550 -0.48591 1.25209 0.15218 -1.14012 0.57270 4.41931 0.81087
10.00000 1.45718 0.16465 -0.25819 0.39313 0.33917 -2.00531 1.51700 2.36946 0.56409
10.00000 3.23999 0.36472 -0.37327 0.97194 0.12647 -2.92934 0.65491 3.52948 0.81356
10.00000 2.81283 0.25398 -0.47762 1.57552 0.20133 -2.63992 0.62067 3.75621 0.61518
