2.33481719723245
2.33472076624041
2.33462504564626
2.33453003602785
2.3344357379631
2.33434215202999
2.33424927880658
2.33415711887101
2.33406567280147
2.33397494117623
2.33388492457362
2.33379562357206
2.33370703875
2.333619170686
2.33353201995863
2.33344558714658
2.33335987282856
2.33327487758337
2.33319060198987
2.33310704662696
2.33302421207361
2.33294209890887
2.33286070771182
2.33278003906162
2.33270009353746
2.33262087171862
2.33254237418441
2.33246460151421
2.33238755428745
2.33231123308359
2.33223563848219
2.33216077106282
2.33208663140512
2.33201322008877
2.33194053769352
2.33186858479914
2.33179736198546
2.33172686983237
2.33165710891978
2.33158807982766
2.33151978313604
2.33145221942496
2.33138538927453
2.33131929326488
2.3312539319762
2.33118930598871
2.33112541588268
2.33106226223841
2.33099984563623
2.33093816665651
2.33087722587969
2.33081702388619
2.3307575612565
2.33069883857114
2.33064085641066
2.33058361535564
2.33052711598668
2.33047135888443
2.33041634462956
2.33036207380278
2.33030854698481
2.3302557647564
2.33020372769833
2.33015243639142
2.3301018914165
2.33005209335441
2.33000304278603
2.32995474029227
2.32990718645405
2.32986038185229
2.32981432706798
2.32976902268207
2.32972446927557
2.32968066742949
2.32963761772486
2.32959532074272
2.32955377706412
2.32951298727015
2.32947295194188
2.3294336716604
2.32939514700683
2.32935737856227
2.32932036690785
2.3292841126247
2.32924861629396
2.32921387849678
2.3291798998143
2.32914668082769
2.32911422211809
2.32908252426667
2.3290515878546
2.32902141346303
2.32899200167314
2.32896335306608
2.32893546822301
2.3289083477251
2.3288819921535
2.32885640208935
2.32883157811381
2.32880752080802
2.3287842307531
2.32876170853018
2.32873995472037
2.32871896990478
2.32869875466451
2.32867930958062
2.3286606352342
2.3286427322063
2.32862560107796
2.32860924243021
2.32859365684405
2.32857884490048
2.32856480718048
2.32855154426499
2.32853905673495
2.32852734517128
2.32851641015487
2.32850625226658
2.32849687208727
2.32848827019775
2.32848044717882
2.32847340361124
2.32846714007577
2.3284616571531
2.32845695542392
2.32845303546889
2.32844989786863
2.32844754320372
2.32844597205472
2.32844518500216
2.32844518262651
2.32844596550823
2.32844753422774
2.3284498893654
2.32845303150155
2.32845696121649
2.32846167909048
2.32846718570372
2.3284734816364
2.32848056746862
2.32848844378049
2.32849711115203
2.32850657016323
2.32851682139403
2.32852786542433
2.32853970283398
2.32855233420275
2.3285657601104
2.32857998113661
2.32859499786102
2.32861081086321
2.3286274207227
2.32864482801896
2.32866303333139
2.32868203723937
2.32870184032216
2.32872244315902
2.3287438463291
2.32876605041151
2.3287890559853
2.32881286362945
2.32883747392287
2.32886288744441
2.32888910477285
2.3289161264869
2.3289439531652
2.32897258538633
2.32900202372877
2.32903226877096
2.32906332109126
2.32909518126793
2.32912784987918
2.32916132750315
2.32919561471786
2.3292307121013
2.32926662023136
2.32930333968583
2.32934087104245
2.32937921487887
2.32941837177264
2.32945834230123
2.32949912704204
2.32954072657237
2.32958314146942
2.32962637231033
2.32967041967212
2.32971528413175
2.32976096626606
2.3298074666518
2.32985478586565
2.32990292448416
2.32995188308381
2.33000166224097
2.33005226253192
2.33010368453283
2.33015592881977
2.33020899596872
2.33026288655555
2.33031760115601
2.33037314034578
2.33042950470041
2.33048669479533
2.3305447112059
2.33060355450734
2.33066322527476
2.33072372408319
2.33078505150751
2.3308472081225
2.33091019450283
2.33097401122306
2.33103865885761
2.3311041379808
2.33117044916683
2.33123759298978
2.3313055700236
2.33137438084212
2.33144402601906
2.331514506128
2.3315858217424
2.33165797343559
2.33173096178077
2.33180478735104
2.33187945071932
2.33195495245843
2.33203129314107
2.33210847333977
2.33218649362696
2.3322653545749
2.33234505675575
2.33242560074151
2.33250698710404
2.33258921641507
2.33267228924619
2.33275620616884
2.33284096775431
2.33292657457376
2.3330130271982
2.33310032619848
2.33318847214534
2.33327746560932
2.33336730716084
2.33345799737018
2.33354953680743
2.33364192604255
2.33373516564534
2.33382925618546
2.33392419823239
2.33401999235546
2.33411663912385
2.33421413910656
2.33431249287244
2.33441170099019
2.33451176402832
2.33461268255518
2.33471445713898
2.33481708834774
