0.0004766507239293388
0.000484750247731802
0.0004930633598224217
0.0005015978338762243
0.0005103618096949997
0.0005193638146207642
0.0005286127864677
0.0005381180980881569
0.0005478895837136415
0.0005579375672280498
0.0005682728925309
0.0005789069561832406
0.0005898517425326434
0.0006011198615448847
0.0006127245895832428
0.0006246799134167279
0.0006370005777548061
0.0006497021366407747
0.0006628010090861656
0.0006763145393583161
0.0006902610623686107
0.0007046599747102683
0.0007195318118859747
0.0007348983324029212
0.0007507826094391839
0.0007672091309066598
0.000784203908833689
0.0008017945990960898
0.0008200106326622409
0.0008388833597036618
0.0008584462080474634
0.0008787348577172595
0.0008997874334929558
0.0009216447177481014
0.0009443503861118757
0.0009679512689214686
0.0009924976418482295
0.0010180435496333626
0.0010446471674801668
0.0010723712053931805
0.0011012833616419401
0.0011314568325678507
0.001162970887215724
0.001195911516802386
0.0012303721708328422
0.0012664545939407932
0.0013042697802007224
0.0013439390650351677
0.0013855953788660573
0.0014293846918123905
0.00147546768499628
0.0015240216919560397
0.0015752429636847495
0.0016293493234358983
0.0016865832936994484
0.0017472157986175344
0.0018115505722039835
0.0018799294382392585
0.0019527386745933433
0.0020304167372178963
0.0021134637032440592
0.0022024529072821692
0.0022980454028783655
0.0024010081013459317
0.0025122367514588467
0.0026327853699023877
0.002763904382713793
0.0029070907016124537
0.0030641544139470684
0.0032373090066287044
0.003429295576708494
0.003643557187853338
0.0038844890095774704
0.004157806113047007
0.004471099604787632
0.004834704966147369
0.005263109255760841
0.005777333303520049
0.0064091793148697345
0.007209295262028662
0.008263716787417167
0.009731265032809158
0.011939320543591574
0.015671359838132976
0.023188292451333383
0.04099378830009258
0.06661362271381147
0.08019777837747973
0.08658729615882342
0.0904320975504623
0.09323273043831141
0.09554938522814221
0.09763697029515478
0.09963406328172997
0.10163075477434906
0.10369812739019783
0.10590445143095017
0.10832757385636728
0.11106868372399152
0.11427259074479854
0.11816301205697417
0.12311097666631726
0.12978060154394788
0.1394740671035803
0.15505986406873196
0.18390370409324686
0.24876563013801087
0.41727662410821814
0.5976031365885114
0.5531129312223662
0.4871274439039628
0.4403669500271007
0.4074435068947887
0.3832993679042915
0.3649355072788125
0.35057446026599726
0.3391145724756616
0.32984091575321256
0.3222707171001088
0.316067156790058
0.31098907910330476
0.30686042281821013
0.30355096828025335
0.3009638520308366
0.2990272874676759
0.2976889987970271
0.2969124741917099
0.29667449334946255
0.2969635977839642
0.2977793098948597
0.2991320035721919
0.301043406058462
0.30354778328458165
0.30669394277990625
0.3105482959923624
0.3151993795177076
0.3207644822249606
0.3273994336622781
0.3353133115455092
0.34479108260971836
0.3562295306556994
0.3701963672159766
0.3875316072018959
0.4095294815147829
0.4382788607572013
0.4773054262842201
0.5325450238133779
0.6101209065006848
0.659682406562446
0.4457718467814299
0.25360544336017427
0.17998589426959272
0.14732097417330922
0.12978455522225563
0.11899011615299819
0.11166102369230527
0.10630666806949757
0.10216614478657864
0.09881462537977358
0.09599674087142313
0.09354839666860555
0.09135659704293732
0.0893366768711886
0.08741740007050919
0.08552842759314883
0.0835851102426366
0.08146202267282408
0.07893302132996835
0.07550469434804477
0.06985548317172943
0.05789841854718741
0.03570852712124121
0.020580462422767662
0.014165095974200237
0.010945722149768397
0.009020798813638098
0.0077286276431535895
0.006791523862054793
0.006074259600976333
0.005503315747323683
0.00503525730137685
0.004642710829768857
0.004307513916066346
0.004017100022747927
0.003762467326103221
0.0035369767175126385
0.0033356087327375585
0.003154486746225889
0.0029905610139818704
0.0028413933433190167
0.00270500667211123
0.0025797776651913843
0.002464358512917546
0.0023576189850182355
0.002258602808899237
0.002166494357524441
0.0020805928765935634
0.002000292306072883
0.0019250653086714728
0.0018544505009911074
0.0017880421505853856
0.001725481791625726
0.0016664513479107618
0.0016106674508016754
0.0015578767124613392
0.0015078517687684419
0.0014603879469559868
0.0014153004437811273
0.001372421923596572
0.0013316004638929731
0.001292697790003287
0.0012555877517175604
0.001220155003348822
0.0011862938556699164
0.0011539072737347142
0.001122905999052953
0.0010932077781753407
0.001064736682710526
0.001037422508175581
0.0010112002410598198
0.0009860095851120995
0.0009617945391909932
0.0009385030201786003
0.0009160865253477484
0.000894499829405391
0.0008737007120592551
0.0008536497125621587
0.0008343099080982135
0.0008156467133573311
0.0007976276989200469
0.0007802224264274729
0.0007634022987157458
0.0007471404233515619
0.0007314114881813996
0.0007161916476597603
0.0007014584188816419
0.000687190586352571
0.0006733681146522202
0.0006599720682364553
0.000646984537683647
0.0006343885718156201
0.0006221681151198226
0.0006103079500215023
0.0005987936435528429
0.0005876114980360568
0.0005767485054400199
0.0005661923050751488
0.0005559311443703486
0.0005459538424455058
0.0005362497562697656
0.0005268087491803173
0.000517621161584964
0.0005086777836555649
0.0004999698298765571
0.0004914889152810712
0.0004832270332733689