0.0004765707819011023
0.0004846682078904181
0.0004929791462120667
0.0005015113669809204
0.0005102730062361943
0.0005192725873318801
0.0005285190438602946
0.0005380217441960222
0.0005477905178187602
0.000557835683569294
0.0005681680799906905
0.0005787990979458464
0.0005897407157253206
0.0006010055368384209
0.0006126068307740519
0.0006245585769682718
0.0006368755123020638
0.0006495731824585179
0.0006626679975086228
0.0006761772921523319
0.0006901193910534308
0.0007045136798166355
0.0007193806821513059
0.0007347421438932003
0.0007506211245936823
0.0007670420974930927
0.0007840310588029439
0.000801615647332284
0.0008198252756071644
0.0008386912738464795
0.0008582470482669847
0.000878528255450108
0.0008995729947081935
0.0009214220207137218
0.0009441189789143838
0.000967710666712662
0.0009922473237837725
0.0010177829554569953
0.0010443756937051642
0.0010720882010265573
0.0011009881233855633
0.0011311485994136125
0.0011626488343505022
0.001195574748699667
0.001230019713422717
0.0012660853856893807
0.0013038826619224829
0.0013435327682173467
0.0013851685122394407
0.0014289357258518698
0.001474994933941831
0.0015235232929068263
0.0015747168521335186
0.0016287932045366965
0.001685994608346651
0.00174659168316882
0.0018108878103903251
0.001879224403406716
0.001951987259842838
0.002029614270337461
0.0021126048423340906
0.0022015315116071473
0.002297054371696461
0.002399939170816745
0.0025110802360514247
0.0026315298294074005
0.002762536188132136
0.00290559346147875
0.003062508204863426
0.0032354893240127795
0.0034272718776376864
0.0036412908256164703
0.003881930237996118
0.004154889627168179
0.004467737703049074
0.00483077670107854
0.005258442521780288
0.005771673845521645
0.006402134017887308
0.007200221063244704
0.008251483899834372
0.00971369542125794
0.011911660976056695
0.015621358482784852
0.023077957976232723
0.040739752496576104
0.06641103275533156
0.08011000341419786
0.08653995203655326
0.09040018991212956
0.09320770186834088
0.09552764764329072
0.09761671962913172
0.09961422205193875
0.1016105497837428
0.10367688352936297
0.10588145887793673
0.10830196494822905
0.11103927309257798
0.11423761737990075
0.11811966591186414
0.12305444227573374
0.1297019321006602
0.13935489890376737
0.1548573101575743
0.18349919444660678
0.24776739936789516
0.41485667077752864
0.5972323949203127
0.5538480664651386
0.4876877578153497
0.4407555216018238
0.4077228634808225
0.38350845191187555
0.3650970583597227
0.35070226230308565
0.33921738756692915
0.3299245578825661
0.32233918492318964
0.3161232812234865
0.3110349099030349
0.30689746830415054
0.30358034884764706
0.30098640101056273
0.2990436186070387
0.29769955177398116
0.2969175450765507
0.29667425424231236
0.2969581081718723
0.2977685211415632
0.2991157571128855
0.3010214251473586
0.30351965739551084
0.3066591028451221
0.3105059773899367
0.31514856778209915
0.3207038333397954
0.32732715555201597
0.3352269842055994
0.34468737760749024
0.3561037590535644
0.3700417223220338
0.3873378397026368
0.4092804734259562
0.4379480222969572
0.47684722675600866
0.53188653816115
0.6092616337001568
0.6601443943439909
0.4485686258236582
0.25475015077026325
0.1804483919113733
0.14755109478374437
0.12991859898483335
0.11907746796755772
0.1117228530258404
0.10635329211463776
0.10220311251365263
0.09884516684044722
0.09602286897459072
0.09357145120873454
0.09137753851981024
0.08935626413334256
0.08743631983594014
0.08554742340928004
0.08360517000162089
0.0814847507858946
0.07896156151897568
0.07554650545349732
0.06993233816885637
0.05807478512235345
0.035926511087604016
0.02067508098820878
0.014208313361122481
0.010969843389863612
0.009036259918436023
0.0077394877839909995
0.006799647708866607
0.006080616872283588
0.005508459908052429
0.005039527699793694
0.0046463276536654495
0.004310626726294721
0.004019814308381266
0.0037648598721746734
0.0035391049259042135
0.0033375165054398753
0.0031562083283081382
0.002992123579746463
0.00284281878274372
0.0027063128537213607
0.002580979347338329
0.002465468013588951
0.002358646682371037
0.002259557520964522
0.0021673836341812437
0.002081423226895501
0.002001069377264606
0.0019257940286319236
0.0018551351926579121
0.0017886866247077853
0.0017260894225575017
0.0016670251360012371
0.0016112100741489572
0.00155839057009149
0.0015083390169031321
0.0014608505296425677
0.0014157401188946818
0.0013728402850296858
0.001331998960589436
0.0012930777423329942
0.0012559503656548558
0.001220501382765044
0.0011866250130583426
0.0011542241395824633
0.0011232094300639413
0.0010934985645119886
0.0010650155543815575
0.0010376901406942082
0.001011457260466254
0.000986256572443128
0.0009620320344708002
0.0009387315259825941
0.0009163065100015562
0.0008947117298552245
0.0008739049364628795
0.0008538466426108824
0.0008344999011335717
0.0008158301042713683
0.0007978048018905759
0.0007803935364851565
0.0007635676931775671
0.0007473003631205153
0.0007315662189386784
0.0007163414009511105
0.0007016034131093616
0.0006873310276898399
0.0006735041978825242
0.0006601039775164521
0.0006471124472580301
0.0006345126466603167
0.0006222885115505789
0.0006104248162451084
0.0005989071201797955
0.0005877217185570334
0.0005768555966610368
0.0005662963875327496
0.0005560323327004231
0.0005460522457406925
0.0005363454784024977
0.0005269018891083793
0.0005177118136344686
0.0005087660377844466
0.000500055771916895
0.0004915726271769327
0.0004833085932837144