 9.93587E-02
 .101416
 .103109
 .104318
 .105209
 .105946
 .105951
 .106273
 .106985
 .108175
 .109476
 .111276
 .112695
 .113397
 .114599
 .115453
 .115778
 .11571
 .11633
 .117989
 .118676
 .120971
 .123159
 .124211
 .126379
 .128924
 .130032
 .131145
 .133246
 .13515
 .136776
 .138642
 .141585
 .143648
 .146124
 .148641
 .149689
 .150642
 .152927
 .153375
 .15456
 .156599
 .158855
 .16073
 .161496
 .163599
 .165807
 .167576
 .170455
 .172393
 .174787
 .177215
 .18045
 .183436
 .18687
 .1902
 .192445
 .195895
 .198169
 .201637
 .204483
 .208058
 .210917
 .213459
 .216779
 .220096
 .22366
 .227262
 .229759
 .23311
 .237823
 .242753
 .246797
 .252389
 .256541
 .262334
 .268323
 .275665
 .281888
 .288917
 .296478
 .30388
 .311124
 .319544
 .328202
 .337085
 .346824
 .35724
 .367527
 .379434
 .391314
 .404592
 .418078
 .432837
 .446044
 .459653
 .474258
 .490344
 .506418
 .521501
 .536306
 .550432
 .562973
 .572919
 .582296
 .589269
 .593139
 .593438
 .591418
 .587715
 .580942
 .57008
 .553043
 .531377
 .506554
 .477272
 .44472
 .408387
 .369922
 .327028
 .280752
 .232198
 .183122
 .132786
 8.07843E-02
 2.75911E-02
 -2.63554E-02
 -8.05849E-02
 -.133136
 -.183256
 -.233314
 -.281688
 -.328288
 -.370116
 -.40945
 -.445738
 -.47867
 -.507243
 -.532276
 -.554159
 -.570869
 -.581438
 -.587657
 -.592064
 -.593776
 -.592536
 -.588837
 -.581512
 -.57302
 -.562497
 -.549611
 -.535282
 -.520651
 -.505952
 -.489099
 -.473051
 -.458875
 -.445347
 -.430847
 -.417064
 -.403421
 -.390529
 -.378514
 -.366501
 -.356481
 -.345723
 -.336532
 -.327902
 -.318719
 -.310976
 -.303214
 -.295801
 -.288239
 -.282149
 -.275605
 -.26885
 -.262165
 -.256667
 -.252445
 -.246969
 -.242614
 -.237651
 -.232973
 -.229992
 -.226472
 -.223369
 -.219389
 -.216928
 -.213154
 -.209998
 -.207361
 -.204522
 -.201464
 -.197987
 -.195127
 -.192421
 -.190191
 -.186827
 -.183448
 -.180532
 -.177354
 -.174908
 -.172307
 -.171162
 -.168352
 -.165771
 -.162958
 -.161225
 -.16037
 -.159403
 -.156581
 -.154214
 -.153174
 -.153234
 -.15178
 -.150079
 -.148275
 -.146061
 -.143576
 -.141661
 -.139121
 -.137345
 -.135348
 -.133302
 -.130947
 -.130233
 -.128989
 -.126728
 -.123566
 -.122527
 -.121095
 -.119592
 -.11819
 -.116248
 -.115509
 -.115429
 -.11599
 -.115055
 -.113487
 -.113128
 -.111868
 -.110064
 -.108653
 -.107362
 -.106484
 -.105989
 -.106083
 -.105623
 -.104925
 -.104005
 -.10284
 -.101209
 -.100147
 -9.84268E-02
 -9.64878E-02
 -9.61400E-02