 2.52248E-03
 6.13470E-04
 1.31590E-03
 2.03139E-03
 2.75980E-03
 3.36713E-03
 4.25421E-03
 3.81684E-03
 3.25774E-03
 2.57678E-03
 2.30839E-03
 1.91769E-03
 2.64642E-03
 3.52652E-03
 3.35434E-03
 4.13483E-03
 4.79823E-03
 4.94320E-03
 3.76723E-03
 2.47320E-03
 2.79837E-03
 7.32391E-04
 9.53263E-04
 1.72312E-03
 5.01728E-04
 6.30635E-04
 2.24312E-03
 2.13092E-03
 1.36283E-03
 1.81019E-03
 2.13582E-03
 1.93844E-03
 1.35154E-03
 2.78075E-03
 3.01768E-03
 4.20108E-03
 6.59752E-03
 7.26634E-03
 7.00905E-03
 9.43466E-03
 8.79489E-03
 8.43134E-03
 8.74470E-03
 9.73484E-03
 1.10002E-02
 9.86747E-03
 1.02125E-02
 1.06987E-02
 9.98887E-03
 1.12909E-02
 1.09954E-02
 1.12409E-02
 1.08241E-02
 1.16162E-02
 1.18793E-02
 1.30836E-02
 1.49612E-02
 1.48389E-02
 1.69937E-02
 1.67469E-02
 1.85094E-02
 1.89395E-02
 2.09774E-02
 2.22170E-02
 2.25245E-02
 2.36372E-02
 2.44858E-02
 2.57382E-02
 2.76618E-02
 2.73156E-02
 2.68380E-02
 2.76993E-02
 2.93648E-02
 2.90270E-02
 3.14980E-02
 3.07624E-02
 3.18997E-02
 3.22360E-02
 3.52469E-02
 3.63873E-02
 3.84643E-02
 4.13437E-02
 4.42238E-02
 4.61684E-02
 4.94499E-02
 5.28652E-02
 5.61468E-02
 6.02302E-02
 6.53827E-02
 6.95991E-02
 7.62210E-02
 8.23076E-02
 9.07996E-02
 9.96916E-02
 .112459
 .124023
 .136521
 .150354
 .167795
 .188042
 .209758
 .234279
 .261873
 .292139
 .322536
 .356942
 .393485
 .431629
 .469505
 .50818
 .549526
 .592875
 .638227
 .68117
 .721973
 .762505
 .799961
 .83581
 .867914
 .899614
 .926633
 .948971
 .966093
 .980539
 .991507
 .998061
 1.
 .996925
 .987698
 .974325
 .959345
 .938748
 .914272
 .883778
 .852881
 .818506
 .781588
 .741861
 .701463
 .659725
 .615045
 .569827
 .527414
 .488208
 .448999
 .410857
 .374317
 .338443
 .306712
 .275647
 .246585
 .220729
 .19808
 .177434
 .157322
 .142555
 .130059
 .117562
 .105063
 9.55050E-02
 8.64801E-02
 7.93259E-02
 7.31065E-02
 6.71541E-02
 6.36070E-02
 5.80546E-02
 5.54427E-02
 5.17613E-02
 4.78124E-02
 4.60024E-02
 4.28560E-02
 4.05120E-02
 3.80349E-02
 3.71624E-02
 3.44194E-02
 3.24794E-02
 3.12088E-02
 3.12762E-02
 3.10778E-02
 2.87421E-02
 2.88143E-02
 2.71506E-02
 2.69596E-02
 2.77064E-02
 2.61833E-02
 2.55984E-02
 2.38134E-02
 2.41701E-02
 2.17229E-02
 2.15515E-02
 2.08490E-02
 1.94818E-02
 1.81187E-02
 1.67597E-02
 1.64746E-02
 1.56593E-02
 1.49826E-02
 1.28404E-02
 1.21740E-02
 1.19140E-02
 1.12588E-02
 1.16788E-02
 1.13032E-02
 1.21368E-02
 9.90271E-03
 9.94788E-03
 9.59927E-03
 1.07284E-02
 1.11968E-02
 1.03364E-02
 8.14748E-03
 8.64046E-03
 9.67681E-03
 9.92001E-03
 7.49909E-03
 6.42436E-03
 5.22581E-03
 3.90352E-03
 2.99274E-03
 2.89464E-03
 1.87174E-03
 2.33045E-03
 1.73134E-03
 1.54506E-03
 1.37092E-03
 2.81319E-03
 1.72854E-03
 5.23202E-04
 3.26348E-04
 2.29690E-03
 1.93472E-03
 2.25526E-03
 2.59042E-03
 2.67325E-03
 4.50915E-03
 5.42508E-03
 5.82225E-03
 3.96343E-03
 3.32438E-03
 4.03908E-03
 2.63239E-03
 2.07760E-03
 2.46961E-03
 2.73950E-03
 3.42183E-03
 3.98223E-03
 4.42111E-03
 3.53540E-03
 2.92950E-03
 2.20246E-03
 1.48834E-03
 7.87348E-04
 1.09829E-03
 3.66750E-04
 6.74431E-04
 2.53624E-03