0
0.17364817766693
0.342020143325669
0.5
0.642787609686539
0.766044443118978
0.866025403784439
0.939692620785908
0.984807753012208
1
0.984807753012208
0.939692620785908
0.866025403784439
0.766044443118978
0.642787609686539
0.5
0.342020143325669
0.17364817766693
1.22460635382238e-016
-0.17364817766693
-0.342020143325669
-0.5
-0.642787609686539
-0.766044443118978
-0.866025403784438
-0.939692620785908
-0.984807753012208
-1
-0.984807753012208
-0.939692620785908
-0.866025403784439
-0.766044443118978
-0.64278760968654
-0.5
-0.342020143325669
-0.17364817766693
-2.44921270764475e-016
